-16256 16129 3
16384 16384 3
-1 0 3
0 1 3
-16256 16384 2
128 0 1
-30465 30466 3
-21800 17242 2
-13071 -2886 1
-12962 -16151 1
-24606 20987 2
1207 -765 3
11340 4701 2
-8087 7504 3
8211 -10976 1
4002 6788 2
-12173 -5432 1
4826 -3818 3
8028 7576 1
31223 6363 3
-169 2987 3
-7209 2598 3
-7638 -7047 3
9488 10010 3
-13202 9529 2
-28379 -15488 2
10874 3785 3
11780 -5760 1
7129 27540 1
17214 20067 2
-5264 17456 3
-3632 22447 1
-14541 -12256 3
-3193 -10197 3
11038 -25595 2
-19985 13093 3
-6396 -990 3
284 12603 2
938 11814 2
-4299 -8410 3
-8128 11816 1
-13579 3868 3
-14160 18788 2
-3976 -19962 2
20462 26116 3
-15150 -14584 3
-10731 -20115 2
-3690 9043 1
-9563 -6550 1
8600 -3946 2
-5222 5262 2
-4104 -2888 1
15583 -4014 3
-1104 3479 2
18413 19322 1
-3550 3350 2
6055 5202 3
-8297 -2816 2
-3725 -19248 2
16981 6951 3
9079 6430 1
-2960 -3040 1
-94 12002 2
4961 -2101 1
-20497 29144 2
-11210 10165 3
4770 4469 3
-2868 14020 3
200 5354 1
2105 -2673 1
5236 -8530 3
2209 -1301 1
4888 -11978 2
-13010 -8210 3
-10507 1456 1
7261 -794 2
3520 1232 3
6769 11657 3
-6543 7739 2
18082 19576 2
3351 6890 1
-5420 -4783 3
-1288 27186 1
13906 -2111 2
188 90 3
-18327 10739 2
-15829 -10611 1
2769 8023 2
-4506 -13200 2
-40 -299 3
7757 9056 2
-12625 -9090 1
15830 24008 3
-11887 6800 1
-18165 4231 3
37913 19245 2
-7448 -2152 3
-2976 1504 1
14821 11130 2
12240 7548 2
-3905 -13622 1
31071 -2196 2
0 0 1
-65 -1287 1
-3486 -8881 1
-12342 -15404 1
12564 -3760 3
-21253 -22612 3
-7265 3515 1
-26229 -33784 2
13493 4720 2
-20302 14346 1
-2372 12470 2
-7391 -5280 1
-5033 922 3
-11882 -12051 1
-12022 16384 2
-1163 6264 1
-10087 1120 1
1810 293 3
-9288 -14856 1
6868 -10504 1
7920 6336 1
-18904 -7940 2
10520 -6360 1
-960 6776 2
-13120 5119 1
289 4424 3
408 -8543 3
-8547 -2647 2
-28077 -11391 3
15214 4881 2
29651 20314 2
-3411 20695 1
-8227 9443 1
-1024 2882 2
13877 -16612 1
-28766 -6013 1
5284 8812 3
6482 -9703 3
-10884 15696 2
-484 2890 1
14714 26824 3
-24358 28716 1
12769 -2488 2
1134 81 3
-8783 -6274 3
-336 3136 2
2137 -7609 3
447 21629 2
-10364 -3597 2
-5387 -28046 1
-3496 1334 1
8094 -6612 2
19109 10966 2
169 10266 1
-6966 -23044 2
-7410 5860 2
-7970 4640 2
17594 10660 2
22789 -22458 3
2100 -11340 2
1327 -3147 2
6415 -1870 1
13856 -15334 2
7282 1750 1
-12895 -1674 1
8080 -23966 1
8823 10911 1
-3784 -5895 2
-9207 -14501 3
7382 -16118 2
-8771 397 1
19245 12675 3
5574 -3466 3
-10238 -8826 1
1343 -3815 1
11716 -13224 1
-3416 -5368 3
9182 -1429 2
-4484 -9558 2
-14651 25391 1
-4239 17910 2
12693 -10554 1
10992 -2986 1
1863 15044 2
-1306 203 3
-17916 -4627 1
6720 6594 1
-5187 1197 2
1664 1057 1
11300 10100 3
7976 -15668 2
711 32527 3
4411 -17662 3
1528 10753 1
-1744 -6431 3
-16003 300 2
-22874 -12810 1
-4876 1696 3
-15805 -13268 2
-545 2311 1
-1573 14920 2
-15239 -19554 2
1257 10162 3
7474 4316 1
-7905 -4053 3
500 -500 3
