-128 127 127 1 3
-128 -128 -128 1 3
-1 0 1 1 3
0 -1 -1 1 3
127 -128 -128 1 2
-128 0 -1 1 1
-128 127 127 0 3
127 -128 -128 0 3
-1 0 1 0 3
0 -1 -1 0 3
64 -64 32 1 3
120 -22 -109 0 2
7 84 77 0 2
12 76 -72 0 2
31 -45 -116 0 2
-19 96 89 0 2
37 -1 -84 1 2
10 17 12 0 1
55 -61 -8 0 1
67 77 -118 0 1
-49 4 -51 0 1
72 -56 -102 1 1
-97 -33 103 0 1
-71 -79 -2 0 1
88 -48 94 0 1
63 10 -113 0 1
-66 -30 -32 0 1
-100 -94 106 0 1
-85 -32 -52 0 1
11 -4 -18 1 1
66 -77 -54 0 2
-80 40 114 0 2
127 -22 -91 0 2
-55 27 77 0 2
-69 26 -72 0 2
-32 99 83 0 2
-82 -97 -19 1 2
-71 45 -17 1 3
118 -52 28 0 2
-26 114 48 0 2
-43 105 124 0 2
113 -49 111 0 2
33 36 88 0 2
30 21 -89 0 2
13 -73 75 0 2
-27 85 -32 1 2
-41 71 -20 0 3
55 -45 78 0 3
-49 42 21 0 3
59 -31 104 0 3
10 48 18 0 3
-97 -20 116 0 3
-120 118 36 0 3
26 -107 -112 1 3
-77 56 -100 0 1
-61 -58 -71 0 1
-54 -7 113 0 1
-26 61 -72 0 1
31 -121 49 0 1
17 -19 -18 0 1
73 -116 -11 1 1
105 -26 111 0 2
-34 97 12 0 2
-63 74 115 1 2
60 -23 30 0 1
47 25 70 0 1
3 -42 -80 0 1
-95 -123 73 0 1
104 9 -97 1 1
97 18 46 0 3
-127 42 -40 0 3
-90 12 107 0 3
84 13 21 0 3
-84 51 -95 0 3
-105 7 46 1 3
78 75 104 0 1
-3 -8 28 1 1
71 67 95 0 3
-29 34 -91 0 3
74 -23 105 0 3
41 76 11 0 3
78 22 116 0 3
55 -65 64 0 3
-62 -115 -42 0 3
-74 69 21 1 3
-52 -66 -25 0 3
97 -76 -17 0 3
4 1 45 1 3
-38 102 -30 0 3
-121 82 69 1 3
-53 -76 -3 0 3
-112 -99 42 0 3
60 -24 94 0 3
-71 -7 123 1 3
65 -18 92 0 3
60 -46 -111 0 3
-96 -109 0 0 3
124 80 82 1 3
14 108 53 0 2
-32 122 37 0 2
-59 8 18 0 2
123 104 12 0 2
32 -82 -107 0 2
-78 -87 125 1 2
84 124 -44 0 2
81 59 -98 0 2
125 15 -102 0 2
-47 -32 85 1 2
9 47 68 0 3
-34 -98 -94 0 3
66 40 81 0 3
7 -122 111 0 3
41 73 23 1 3
-23 121 -25 0 1
-127 -13 55 0 1
31 92 48 0 1
-122 93 -93 0 1
61 -4 127 0 1
-19 2 93 0 1
16 -65 -39 1 1
-20 -68 -101 0 1
70 76 72 0 1
34 -72 -124 0 1
61 126 80 0 1
5 32 -119 1 1
-38 99 40 0 2
-29 -19 -122 0 2
-21 72 105 0 2
-109 -85 -41 0 2
-103 22 -97 0 2
-126 41 -54 0 2
-39 66 97 0 2
-8 69 10 1 2
36 23 -110 0 3
-82 -38 -80 0 3
-5 126 71 0 3
13 -84 -95 0 3
62 40 -97 0 3
5 -75 -52 1 3
70 -7 -87 0 1
-110 -96 -99 0 1
-122 102 22 0 1
-80 121 54 0 1
-51 127 28 1 1
25 -4 21 0 3
-75 -33 68 0 3
75 120 -63 0 3
-32 -82 32 0 3
-92 121 25 0 3
-27 -39 71 1 3
31 99 -103 1 3
-90 8 -7 0 2
-65 110 -30 0 2
85 -108 106 0 2
-49 -45 88 0 2
49 -88 108 0 2
28 -9 -65 0 2
-12 -87 -24 1 2
32 -71 -120 0 3
-120 26 77 0 3
104 -69 -121 0 3
112 -61 33 0 3
62 -85 92 0 3
69 -100 -96 0 3
-26 90 -53 0 3
-61 31 -25 1 3
46 -56 96 0 3
-106 43 102 1 3
-72 -16 90 0 2
-98 71 -76 0 2
-52 127 36 0 2
-90 -99 -21 0 2
-38 -22 -21 0 2
126 16 8 0 2
-22 107 114 1 2
-35 -45 -18 0 2
-48 -88 -41 0 2
83 6 43 0 2
-63 86 83 1 2
-61 106 -81 0 3
-105 2 88 1 3
32 93 -59 0 1
-8 -51 -117 0 1
-69 109 104 1 1
11 33 -93 0 3
-13 -95 9 0 3
40 44 -86 0 3
75 -97 -53 0 3
-44 71 119 0 3
-2 19 -106 1 3
64 -26 -16 0 2
86 -81 -40 0 2
52 112 62 0 2
-92 70 109 0 2
-4 -6 93 0 2
-70 31 36 1 2
-123 -42 61 0 2
41 -2 89 0 2
72 3 -81 0 2
5 -83 45 0 2
-34 117 -80 0 2
13 -6 -35 0 2
-70 89 -46 1 2
72 33 38 0 3
-101 -116 -116 0 3
104 84 45 0 3
14 111 57 0 3
26 87 14 0 3
-56 -27 -3 1 3
15 -56 58 0 3
-115 -55 58 0 3
-30 89 -126 0 3
-100 102 -52 0 3
87 -56 -91 0 3
89 -28 -117 1 3
-54 -107 55 0 2
-43 -70 115 0 2
40 5 -120 0 2
-32 90 -62 1 2
-37 99 34 0 1
29 -74 -91 0 1
-27 17 -120 0 1
-121 -82 -66 0 1
-84 19 79 0 1
-76 26 125 0 1
-14 70 17 0 1
-63 122 -85 1 1
79 45 108 0 1
123 108 -39 0 1
109 59 -122 1 1
-78 35 46 0 2
-71 -3 -28 0 2
-85 47 -120 1 2
-66 -108 -76 0 2
-58 109 -99 0 2
75 -85 -79 0 2
127 -15 -98 0 2
-100 -68 -54 0 2
-51 -68 59 1 2
54 38 -76 1 1
-23 72 -78 0 3
29 -71 -60 0 3
-86 35 -116 0 3
-36 -64 -58 0 3
33 -22 105 1 3
115 -24 20 0 2
92 -107 -37 1 2
26 101 88 0 1
117 107 97 0 1
56 5 71 0 1
16 -6 50 1 1
-71 67 50 1 2
-93 -18 40 0 3
86 -39 93 0 3
59 -3 -53 0 3
-29 -45 36 0 3
-64 -114 -95 0 3
11 -15 -12 1 3
-47 -68 115 0 2
69 -21 36 0 2
-56 60 96 1 2
96 74 -120 0 2
64 -123 10 0 2
-116 101 -44 0 2
-107 38 -38 0 2
31 50 -65 1 2
-50 -25 24 0 3
13 -37 -33 0 3
-13 41 70 0 3
-117 -74 -95 0 3
-22 41 74 0 3
-79 52 -127 1 3
-99 -48 -33 0 1
-98 34 -2 0 1
72 63 78 1 1
37 38 -80 1 1
100 -13 51 0 2
-108 102 1 0 2
-95 74 116 0 2
85 94 90 0 2
-42 -128 37 0 2
-54 85 3 1 2
73 -11 -40 0 1
-51 25 3 0 1
80 -29 120 0 1
-87 48 18 1 1
37 41 37 0 2
-73 -42 -91 0 2
-84 123 79 0 2
81 -78 -91 0 2
118 -34 -96 0 2
69 -81 -46 1 2
-118 107 95 1 3
-116 96 111 0 3
107 -68 69 0 3
112 -55 37 0 3
95 -76 97 0 3
36 -92 -86 1 3
-85 40 3 0 3
-43 114 7 0 3
52 -99 -80 0 3
-72 -14 -94 0 3
63 -89 -65 0 3
111 -33 49 0 3
-111 -98 88 0 3
-48 -114 -73 1 3
90 -16 -28 0 1
-110 -14 3 0 1
-24 -52 115 0 1
76 -34 -27 0 1
-49 70 50 0 1
-61 18 -112 0 1
40 98 87 1 1
-21 77 -53 0 1
-62 -88 -16 1 1
119 85 -26 0 3
-25 0 121 0 3
37 -9 78 0 3
-117 95 -50 0 3
-124 4 70 0 3
82 16 37 0 3
-95 20 -87 1 3
12 8 -50 0 1
53 -17 53 1 1
61 48 44 0 2
-14 -97 39 0 2
47 92 -41 0 2
-37 -50 -9 0 2
-126 125 -45 0 2
-39 -40 34 1 2
-92 52 120 0 3
70 4 -46 0 3
-27 40 -122 0 3
-35 -18 11 0 3
48 84 -77 0 3
54 -79 34 0 3
-63 97 -10 0 3
-11 24 39 1 3
13 -50 -95 0 1
-76 -27 122 1 1
94 -89 46 0 2
89 100 33 1 2
80 28 44 1 3
-71 14 -117 0 3
102 -128 73 0 3
-43 -71 -40 0 3
-31 -97 -40 0 3
-86 -11 17 0 3
2 86 49 0 3
90 -128 -90 0 3
-20 3 124 1 3
-61 73 -1 0 2
-65 102 93 0 2
-69 -87 38 0 2
59 -24 13 0 2
24 36 54 1 2
75 119 67 0 2
2 -75 -94 0 2
33 -127 -103 0 2
-28 3 -50 0 2
6 -92 -49 0 2
31 8 82 0 2
109 -114 118 0 2
-67 45 -2 1 2
-122 87 -71 0 1
4 103 84 0 1
-111 109 43 0 1
-54 -15 18 0 1
-98 2 -1 1 1
-36 107 -13 0 3
92 53 -64 1 3
-64 110 97 0 1
1 59 115 0 1
45 123 97 0 1
14 -4 28 0 1
2 -87 24 1 1
-128 -70 -66 0 2
24 29 118 0 2
44 29 -80 0 2
106 -75 77 0 2
96 98 -21 1 2
94 45 2 1 3
105 27 124 0 2
-20 100 57 0 2
59 78 -43 0 2
55 -70 -71 0 2
-16 117 -121 0 2
69 44 -63 0 2
127 -100 -74 0 2
-122 98 98 1 2
-2 103 97 0 1
-31 -81 66 0 1
-32 46 41 0 1
-63 -113 89 0 1
-125 -17 7 0 1
44 48 22 0 1
5 51 -123 0 1
-116 -33 53 1 1
39 113 71 1 2
68 -69 30 0 2
12 24 -78 0 2
-72 -36 -19 0 2
86 104 -123 0 2
-120 -95 -30 1 2
-5 -128 -21 0 3
93 -10 -29 0 3
-88 113 -29 1 3
118 119 74 0 2
-39 10 25 1 2
125 90 -101 1 1
-89 -118 -10 0 3
-62 32 3 0 3
94 71 13 0 3
-44 -119 -82 0 3
88 103 117 1 3
19 -108 102 0 1
9 -7 -94 0 1
8 -115 -74 0 1
-18 22 48 0 1
17 -98 61 0 1
71 12 -45 0 1
-9 -99 -15 0 1
-76 101 125 1 1
120 17 -128 0 3
118 -104 -36 0 3
-111 -111 109 0 3
-111 -121 -122 1 3
-37 -87 -98 0 2
-31 22 -74 0 2
-8 113 -33 0 2
22 -46 117 0 2
76 74 103 0 2
-85 -32 -71 0 2
-96 -84 -124 0 2
-121 -41 -28 1 2
-59 -1 104 0 3
41 64 -32 1 3
-93 47 32 1 1
-29 -116 -43 0 2
-124 16 -66 0 2
42 115 -53 0 2
127 119 91 0 2
-67 33 78 0 2
8 32 70 0 2
-29 94 -25 1 2
120 74 102 1 2
-25 116 -106 0 1
-51 -45 -110 0 1
26 59 -122 0 1
48 -120 -38 0 1
67 34 -107 1 1
-93 -106 64 0 2
-72 95 -109 0 2
-42 -125 -87 0 2
-106 -69 -120 0 2
-87 17 -117 0 2
-46 39 -57 1 2
-26 -94 0 1 1
5 99 -13 1 1
-42 -107 83 1 1
57 -15 -8 0 1
12 -70 19 0 1
111 115 -124 0 1
-25 -1 -66 1 1
127 85 48 0 3
-66 80 -98 1 3
-96 -114 68 0 3
-66 -3 20 0 3
-78 29 34 0 3
119 92 -96 0 3
11 -114 61 1 3
-50 17 40 0 1
-117 63 45 1 1
-51 -104 125 0 2
122 61 -118 0 2
-71 -118 -93 0 2
-74 -123 96 0 2
-63 -66 107 0 2
-28 -12 112 0 2
-60 53 -82 1 2
-97 -34 -40 0 2
-51 13 -15 0 2
112 45 79 1 2
57 106 -118 0 1
9 -78 -124 0 1
102 108 111 0 1
112 -11 -95 0 1
116 -37 -115 0 1
99 -53 2 1 1
-110 -93 -88 0 2
21 -88 -24 0 2
-14 -70 11 0 2
27 79 51 0 2
-125 -62 109 0 2
14 93 61 1 2
-82 -18 92 0 1
107 47 60 0 1
106 93 -86 0 1
70 73 89 0 1
2 51 54 0 1
44 -6 -1 0 1
5 124 -77 0 1
-68 41 45 1 1
110 -22 -46 0 3
27 -90 1 1 3
23 48 -111 0 1
-104 117 -90 0 1
-124 12 86 0 1
-107 37 75 1 1
-111 62 124 0 2
92 122 37 0 2
-76 -117 -28 0 2
-80 104 -34 0 2
86 -100 -23 0 2
-70 -52 -47 0 2
24 -94 -19 0 2
-127 -36 58 1 2
64 118 -71 0 1
-6 -55 -83 0 1
-41 -119 -93 0 1
16 4 -20 0 1
61 91 -10 1 1
-51 -88 85 0 1
67 -119 -64 0 1
61 -41 -24 1 1
82 88 73 0 3
-69 -22 99 0 3
45 -67 59 1 3
-39 -91 -29 0 1
-107 27 91 0 1
-69 116 -128 0 1
30 -119 27 0 1
-7 -60 15 0 1
-7 98 25 0 1
-108 -37 93 1 1
-68 104 -101 1 1
90 72 88 1 1
101 60 -83 0 2
62 50 -113 0 2
-94 23 76 0 2
-49 -43 -2 0 2
-33 -8 -107 1 2
41 -90 99 0 1
62 -47 42 0 1
-87 122 81 0 1
-116 57 -94 1 1
8 111 86 0 2
42 38 56 0 2
71 -82 39 0 2
29 88 -51 0 2
-42 32 -5 0 2
125 -67 -44 1 2
70 17 -79 0 1
-102 92 69 0 1
-114 34 -42 0 1
-64 61 -78 0 1
-123 75 84 1 1
13 -112 -35 0 3
-31 -21 -24 1 3
-48 -38 100 0 3
56 -51 93 1 3
-106 -43 4 0 2
115 7 -95 0 2
-86 29 -10 0 2
46 16 125 0 2
79 58 26 0 2
-59 -24 -86 0 2
-61 -73 100 0 2
93 -4 -52 1 2
108 29 -128 0 3
-71 37 63 0 3
60 17 -36 0 3
60 74 -127 1 3
88 -61 -35 0 2
90 63 100 0 2
-19 24 -88 0 2
74 -14 103 1 2
87 41 113 0 2
62 -40 80 0 2
-66 -81 -6 0 2
-81 110 82 0 2
-128 -84 -126 0 2
-6 -37 112 0 2
-52 -37 -100 0 2
-50 85 -9 1 2
-38 -16 40 0 1
82 47 74 0 1
37 -119 -69 0 1
-51 91 106 1 1
-45 78 79 0 1
-67 102 -49 0 1
-80 -71 -99 0 1
127 -10 -125 1 1
-20 38 50 0 2
-16 117 -39 0 2
44 -31 127 0 2
-33 81 116 0 2
56 -2 -43 1 2
43 21 37 0 1
-128 -52 2 0 1
-89 119 -105 0 1
76 119 -29 0 1
-50 -97 -38 0 1
-27 107 -47 0 1
72 -70 -16 0 1
-94 31 -36 1 1
100 10 -75 0 1
-64 126 29 0 1
86 99 -88 0 1
-116 -93 -90 0 1
41 122 -119 0 1
81 -122 -83 0 1
120 47 -89 1 1
-82 -7 92 0 3
-43 -6 -35 0 3
2 41 86 0 3
-33 126 -47 0 3
60 1 122 0 3
19 96 120 1 3
94 -81 -39 0 3
86 -109 118 1 3
41 72 -71 0 2
31 -104 -86 0 2
69 65 114 0 2
126 -31 -118 0 2
-88 -90 76 0 2
-101 -92 -83 1 2
113 -25 -9 0 1
-98 13 67 0 1
-15 -2 -85 0 1
104 29 56 1 1
87 119 83 0 3
15 35 98 0 3
69 -6 89 0 3
25 -119 -4 0 3
-5 78 118 0 3
-44 -25 127 0 3
80 98 77 1 3
69 -122 -105 0 1
18 76 -50 0 1
71 17 -44 0 1
95 -92 -95 0 1
-83 107 50 0 1
1 74 86 1 1
-43 -7 12 0 2
-85 -101 4 0 2
109 -16 125 1 2
126 9 9 1 3
-109 -127 46 0 3
28 124 50 0 3
65 -112 51 0 3
-16 44 48 0 3
-94 -18 64 0 3
85 94 -20 1 3
-59 85 56 0 2
50 -37 56 0 2
12 32 14 1 2
125 95 9 0 3
11 -92 92 1 3
126 45 95 0 2
90 -95 -128 0 2
21 -97 45 0 2
-12 121 79 1 2
-94 -126 104 0 2
113 -9 -10 0 2
95 25 -7 0 2
71 10 112 0 2
-66 -23 9 0 2
55 -79 -109 0 2
39 -17 -4 1 2
-61 77 -100 0 1
63 125 -62 0 1
-19 -64 -113 0 1
9 127 -116 0 1
76 -20 -52 0 1
91 118 -52 1 1
-76 29 46 1 1
-71 58 -114 1 2
-40 -13 -51 0 2
-26 -37 8 0 2
121 51 123 0 2
-57 -103 -42 1 2
74 -39 -94 0 1
-95 -88 -75 1 1
-51 -108 55 0 2
2 -66 42 0 2
-112 11 62 0 2
71 -115 124 0 2
-15 -98 8 0 2
-81 101 21 0 2
-84 -41 51 1 2
-55 50 112 0 2
125 -26 -10 1 2
6 45 15 0 2
124 -61 -65 1 2
53 69 -81 0 2
116 107 120 0 2
97 32 62 0 2
-112 20 41 0 2
-119 -11 -55 1 2
-16 15 -45 0 3
57 -42 89 0 3
22 70 -24 0 3
105 -1 62 0 3
66 -107 4 0 3
-86 127 -125 1 3
-20 108 -105 1 2
8 -63 69 0 2
31 48 25 1 2
-67 88 11 0 1
87 -48 67 0 1
49 14 27 1 1
-128 -106 -6 0 2
27 -45 95 0 2
7 -45 117 0 2
-127 110 -56 0 2
96 -10 27 1 2
-98 -40 -128 0 1
58 -82 -9 0 1
-60 -52 79 1 1
59 -54 -54 0 1
11 14 -48 0 1
8 -54 27 0 1
82 85 -87 0 1
-93 -35 -13 0 1
62 -80 -56 1 1
-37 -111 86 0 1
35 120 -87 0 1
-55 -45 -70 0 1
-97 119 -78 0 1
-56 -64 6 0 1
2 -32 -3 0 1
53 40 61 1 1
56 96 70 0 1
-11 -101 113 0 1
19 83 81 0 1
-39 -56 108 0 1
-54 91 63 0 1
-101 -76 -121 1 1
70 25 -105 0 2
77 32 22 0 2
48 -26 -81 0 2
72 -76 80 1 2
13 44 -22 0 3
-35 -118 -49 0 3
20 24 123 0 3
126 117 -122 0 3
-51 9 30 0 3
-55 8 19 0 3
-49 85 -99 1 3
0 -19 -6 0 2
29 -38 25 0 2
-62 91 -122 0 2
61 -8 -31 0 2
-42 59 -68 0 2
-36 -8 52 1 2
121 -86 103 0 1
46 104 53 0 1
-99 97 96 0 1
-123 15 72 0 1
58 45 41 0 1
26 50 -71 0 1
-30 -20 102 0 1
-116 -121 24 1 1
-85 -11 -117 0 3
67 58 -11 0 3
71 101 106 0 3
83 40 37 0 3
-56 -16 10 1 3
87 11 35 0 3
-30 61 102 0 3
21 21 -15 0 3
-72 119 -82 1 3
15 68 58 0 1
61 98 -58 0 1
1 -15 -118 0 1
-69 -82 108 1 1
12 107 12 0 1
-7 -19 -69 0 1
86 121 -90 0 1
-30 -14 19 0 1
30 -55 13 0 1
68 43 127 1 1
101 -114 116 1 1
-83 -53 -53 0 3
-95 -81 49 0 3
-34 -36 124 0 3
42 -3 -84 0 3
-37 92 8 0 3
-40 6 -122 1 3
-116 -71 -24 0 2
-110 61 -55 0 2
116 74 3 1 2
38 81 -118 1 2
-23 83 56 0 1
-12 124 101 0 1
-37 -26 57 0 1
-109 90 53 0 1
120 -75 -101 0 1
49 -56 117 0 1
-25 -64 -86 0 1
2 114 -14 1 1
34 91 37 0 2
-107 -45 126 0 2
72 118 89 0 2
-19 -117 -83 1 2
-60 -64 -82 0 1
-15 43 -127 0 1
20 111 -63 0 1
66 -31 108 1 1
-124 56 -68 0 1
112 -5 -78 0 1
76 0 106 0 1
-120 -16 -27 1 1
-92 -59 -42 0 2
10 -1 18 0 2
-17 36 87 0 2
69 -82 -41 0 2
-40 29 123 0 2
-81 -29 -87 1 2
1 106 -87 0 3
42 -15 100 0 3
-15 114 79 0 3
26 29 -64 0 3
-1 -114 -78 0 3
-50 40 79 0 3
14 -89 93 1 3
16 -125 45 0 1
-19 68 -93 0 1
115 -44 -90 0 1
33 65 106 0 1
68 53 -66 0 1
106 -42 -128 0 1
85 -102 53 1 1
-109 89 -91 0 1
72 109 -87 0 1
83 -128 -125 0 1
120 73 112 1 1
-91 21 57 1 2
-123 92 107 0 1
63 113 34 0 1
-107 118 -2 0 1
-128 53 -17 0 1
34 74 -27 0 1
-96 74 -101 0 1
15 -20 101 1 1
-113 -101 -100 1 3
37 -97 68 0 2
65 -108 84 1 2
-81 -5 -120 0 3
-125 101 66 0 3
119 -108 -67 0 3
-128 -104 -94 0 3
66 -113 -73 1 3
-95 81 -34 0 3
-40 80 -18 0 3
39 114 -65 0 3
-122 -54 -112 0 3
-12 114 -126 0 3
51 120 -52 0 3
67 -20 -66 0 3
69 -97 -74 1 3
-48 40 66 0 1
7 58 37 0 1
-87 -117 -51 1 1
16 59 -109 1 3
102 -73 -32 0 2
121 -107 -121 0 2
30 123 -65 0 2
126 116 -44 0 2
-122 18 -48 0 2
-59 17 -60 1 2
105 92 -24 0 1
-82 -11 127 0 1
-123 -33 91 0 1
-19 13 -48 0 1
-20 18 47 0 1
-57 127 -68 0 1
23 -21 78 0 1
-57 50 77 1 1
-46 16 106 1 3
-40 -26 68 0 2
-62 5 88 0 2
-10 93 -66 0 2
-69 -96 68 0 2
-109 22 33 1 2
-106 101 -40 0 1
55 -73 -87 1 1
81 -124 -59 0 2
122 -3 18 0 2
-119 -50 23 0 2
-50 -55 -108 0 2
97 -46 -29 0 2
-8 32 44 0 2
12 1 126 1 2
27 6 -96 0 2
25 -11 -103 0 2
-72 -111 31 0 2
-40 42 -107 0 2
-15 98 -90 0 2
-111 -70 80 0 2
-90 44 51 1 2
-100 99 25 0 3
79 -81 -42 0 3
61 -53 -71 0 3
-42 -101 -24 0 3
45 88 52 0 3
102 -82 79 1 3
-125 66 85 0 1
82 -111 49 0 1
-7 -108 -13 0 1
-50 102 4 0 1
127 -33 24 0 1
-14 45 -2 0 1
118 45 93 0 1
14 -97 10 1 1
105 36 -41 0 3
-12 49 -19 0 3
43 26 -111 0 3
-126 -114 66 0 3
-17 58 -35 0 3
1 60 -21 0 3
-61 -84 -91 0 3
32 45 98 1 3
10 -10 5 0 3
-20 20 -5 0 3
30 -30 5 0 3
-40 40 -5 1 3
