0 0 0 0 0 0 0 0 0 0 0 0 0 0 0 0 0 0 0 0 0
0 0 0 0 0 0 0 0 0 0 0 0 0 0 0 0 0 0 0 0 0
0 0 0 0 0 0 0 0 0 0 0 0 0 0 0 0 0 0 0 0 0
0 0 0 0 0 0 0 0 0 0 0 0 0 0 0 0 0 0 0 0 0
0 0 0 0 0 0 0 0 0 0 0 0 0 0 0 0 0 0 0 0 0
0 0 0 0 0 0 0 0 0 0 0 0 0 0 0 0 0 0 0 0 0
0 0 0 0 0 0 0 0 0 0 0 0 0 0 0 0 0 0 0 0 0
0 0 0 0 0 0 0 0 0 0 0 0 0 0 0 0 0 0 0 0 0
0 0 0 0 0 0 0 0 0 0 0 0 0 0 0 0 0 0 0 0 0
0 0 0 0 0 0 0 0 0 0 0 0 0 0 0 0 0 0 0 0 0
0 0 0 0 0 0 0 0 0 0 0 0 0 0 0 0 0 0 0 0 0
0 0 0 0 0 0 0 0 0 0 0 0 0 0 0 0 0 0 0 0 0
0 0 0 0 0 0 0 0 0 0 0 0 0 0 0 0 0 0 0 0 0
0 0 0 0 0 0 0 0 0 0 0 0 0 0 0 0 0 0 0 0 0
0 0 0 0 0 0 0 0 0 0 0 0 0 0 0 0 0 0 0 0 0
0 0 0 0 0 0 0 0 0 0 0 0 0 0 0 0 0 0 0 0 0
0 0 0 0 0 0 0 0 0 0 0 0 0 0 0 0 0 0 0 0 0
0 0 0 0 0 0 0 0 0 0 0 0 0 0 0 0 0 0 0 0 0
0 0 0 0 0 0 0 0 0 0 0 0 0 0 0 0 0 0 0 0 0
0 0 0 0 0 0 0 0 0 0 0 0 0 0 0 0 0 0 0 0 0
0 0 0 0 0 0 0 0 0 0 0 0 0 0 0 0 0 0 0 0 0
0 0 0 0 0 0 0 0 0 0 0 0 0 0 0 0 0 0 0 0 0
0 0 0 0 0 0 0 0 0 0 0 0 0 0 0 0 0 0 0 0 0
0 0 0 0 0 0 0 0 0 0 0 0 0 0 0 0 0 0 0 0 0
0 0 0 0 0 0 0 0 0 0 0 0 0 0 0 0 0 0 0 0 0
0 0 0 0 0 0 0 0 0 0 0 0 0 0 0 0 0 0 0 0 0
0 0 0 0 0 0 0 0 0 0 0 0 0 0 0 0 0 0 0 0 0
0 0 0 0 0 0 0 0 0 0 0 0 0 0 0 0 0 0 0 0 0
0 0 0 0 0 0 0 0 0 0 0 0 0 0 0 0 0 0 0 0 0
0 0 0 0 0 0 0 0 0 0 0 0 0 0 0 0 0 0 0 0 0
0 0 0 0 0 0 0 0 0 0 0 0 0 0 0 0 0 0 0 0 0
0 0 0 0 0 0 0 0 0 0 0 0 0 0 0 0 0 0 0 0 0
0 0 0 0 0 0 0 0 0 0 0 0 0 0 0 0 0 0 0 0 0
0 0 0 0 0 0 0 0 0 0 0 0 0 0 0 0 0 0 0 0 0
0 0 0 0 0 0 0 0 0 0 0 0 0 0 0 0 0 0 0 0 0
0 0 0 0 0 0 0 0 0 0 0 0 0 0 0 0 0 0 0 0 0
0 0 0 0 0 0 0 0 0 0 0 0 0 0 0 0 0 0 0 0 0
0 0 0 0 0 0 0 0 0 0 0 0 0 0 0 0 0 0 0 0 0
0 0 0 0 0 0 0 0 0 0 0 0 0 0 0 0 0 0 0 0 0
0 0 0 0 0 0 0 0 0 0 0 0 0 0 0 0 0 0 0 0 0
0 0 0 0 0 0 0 0 0 0 0 0 0 0 0 0 0 0 0 0 0
0 0 0 0 0 0 0 0 0 0 0 0 0 0 0 0 0 0 0 0 0
0 0 0 0 0 0 0 0 0 0 0 0 0 0 0 0 0 0 0 0 0
0 0 0 0 0 0 0 0 0 0 0 0 0 0 0 0 0 0 0 0 0
0 0 0 0 0 0 0 0 0 0 0 0 0 0 0 0 0 0 0 0 0
0 0 0 0 0 0 0 0 0 0 0 0 0 0 0 0 0 0 0 0 0
0 0 0 0 0 0 0 0 0 0 0 0 0 0 0 0 0 0 0 0 0
0 0 0 0 0 0 0 0 0 0 0 0 0 0 0 0 0 0 0 0 0
0 0 0 0 0 0 0 0 0 0 0 0 0 0 0 0 0 0 0 0 0
0 0 0 0 0 0 0 0 0 0 0 0 0 0 0 0 0 0 0 0 0
0 0 0 0 0 0 0 0 0 0 0 0 0 0 0 0 0 0 0 0 0
0 0 0 0 0 0 0 0 0 0 0 0 0 0 0 0 0 0 0 0 0
0 0 0 0 0 0 0 0 0 0 0 0 0 0 0 0 0 0 0 0 0
0 0 0 0 0 0 0 0 0 0 0 0 0 0 0 0 0 0 0 0 0
0 0 0 0 0 0 0 0 0 0 0 0 0 0 0 0 0 0 0 0 0
0 0 0 0 0 0 0 0 0 0 0 0 0 0 0 0 0 0 0 0 0
0 0 0 0 0 0 0 0 0 0 0 0 0 0 0 0 0 0 0 0 0
0 0 0 0 0 0 0 0 0 0 0 0 0 0 0 0 0 0 0 0 0
0 0 0 0 0 0 0 0 0 0 0 0 0 0 0 0 0 0 0 0 0
0 0 0 0 0 0 0 0 0 0 0 0 0 0 0 0 0 0 0 0 0
0 0 0 0 0 0 0 0 0 0 0 0 0 0 0 0 0 0 0 0 0
0 0 0 0 0 0 0 0 0 0 0 0 0 0 0 0 0 0 0 0 0
0 0 0 0 0 0 0 0 0 0 0 0 0 0 0 0 0 0 0 0 0
0 0 0 0 0 0 0 0 0 0 0 0 0 0 0 0 0 0 0 0 0
0 0 0 0 0 0 0 0 0 0 0 0 0 0 0 0 0 0 0 0 0
0 0 0 0 0 0 0 0 0 0 0 0 0 0 0 0 0 0 0 0 0
0 0 0 0 0 0 0 0 0 0 0 0 0 0 0 0 0 0 0 0 0
0 0 0 0 0 0 0 0 0 0 0 0 0 0 0 0 0 0 0 0 0
0 0 0 0 0 0 0 0 0 0 0 0 0 0 0 0 0 0 0 0 0
0 0 0 0 0 0 0 0 0 0 0 0 0 0 0 0 0 0 0 0 0
0 0 0 0 0 0 0 0 0 0 0 0 0 0 0 0 0 0 0 0 0
0 0 0 0 0 0 0 0 0 0 0 0 0 0 0 0 0 0 0 0 0
0 0 0 0 0 0 0 0 0 0 0 0 0 0 0 0 0 0 0 0 0
0 0 0 0 0 0 0 0 0 0 0 0 0 0 0 0 0 0 0 0 0
0 0 0 0 0 0 0 0 0 0 0 0 0 0 0 0 0 0 0 0 0
0 0 0 0 0 0 0 0 0 0 0 0 0 0 0 0 0 0 0 0 0
0 0 0 0 0 0 0 0 0 0 0 0 0 0 0 0 0 0 0 0 0
0 0 0 0 0 0 0 0 0 0 0 0 0 0 0 0 0 0 0 0 0
0 0 0 0 0 0 0 0 0 0 0 0 0 0 0 0 0 0 0 0 0
0 0 0 0 0 0 0 0 0 0 0 0 0 0 0 0 0 0 0 0 0
0 0 0 0 0 0 0 0 0 0 0 0 0 0 0 0 0 0 0 0 0
0 0 0 0 0 0 0 0 0 0 0 0 0 0 0 0 0 0 0 0 0
0 0 0 0 0 0 0 0 0 0 0 0 0 0 0 0 0 0 0 0 0
0 0 0 0 0 0 0 0 0 0 0 0 0 0 0 0 0 0 0 0 0
0 0 0 0 0 0 0 0 0 0 0 0 0 0 0 0 0 0 0 0 0
0 0 0 0 0 0 0 0 0 0 0 0 0 0 0 0 0 0 0 0 0
0 0 0 0 0 0 0 0 0 0 0 0 0 0 0 0 0 0 0 0 0
0 0 0 0 0 0 0 0 0 0 0 0 0 0 0 0 0 0 0 0 0
0 0 0 0 0 0 0 0 0 0 0 0 0 0 0 0 0 0 0 0 0
0 0 0 0 0 0 0 0 0 0 0 0 0 0 0 0 0 0 0 0 0
0 0 0 0 0 0 0 0 0 0 0 0 0 0 0 0 0 0 0 0 0
0 0 0 0 0 0 0 0 0 0 0 0 0 0 0 0 0 0 0 0 0
0 0 0 0 0 0 0 0 0 0 0 0 0 0 0 0 0 0 0 0 0
0 0 0 0 0 0 0 0 0 0 0 0 0 0 0 0 0 0 0 0 0
0 0 0 0 0 0 0 0 0 0 0 0 0 0 0 0 0 0 0 0 0
0 0 0 0 0 0 0 0 0 0 0 0 0 0 0 0 0 0 0 0 0
0 0 0 0 0 0 0 0 0 0 0 0 0 0 0 0 0 0 0 0 0
0 0 0 0 0 0 0 0 0 0 0 0 0 0 0 0 0 0 0 0 0
0 0 0 0 0 0 0 0 0 0 0 0 0 0 0 0 0 0 0 0 0
0 0 0 0 0 0 0 0 0 0 0 0 0 0 0 0 0 0 0 0 0
0 0 0 0 0 0 0 0 0 0 0 0 0 0 0 0 0 0 0 0 0
0 0 0 0 0 0 0 0 0 0 0 0 0 0 0 0 0 0 0 0 0
0 0 0 0 0 0 0 0 0 0 0 0 0 0 0 0 0 0 0 0 0
0 0 0 0 0 0 0 0 0 0 0 0 0 0 0 0 0 0 0 0 0
0 0 0 0 0 0 0 0 0 0 0 0 0 0 0 0 0 0 0 0 0
0 0 0 0 0 0 0 0 0 0 0 0 0 0 0 0 0 0 0 0 0
0 0 0 0 0 0 0 0 0 0 0 0 0 0 0 0 0 0 0 0 0
0 0 0 0 0 0 0 0 0 0 0 0 0 0 0 0 0 0 0 0 0
0 0 0 0 0 0 0 0 0 0 0 0 0 0 0 0 0 0 0 0 0
0 0 0 0 0 0 0 0 0 0 0 0 0 0 0 0 0 0 0 0 0
0 0 0 0 0 0 0 0 0 0 0 0 0 0 0 0 0 0 0 0 0
0 0 0 0 0 0 0 0 0 0 0 0 0 0 0 0 0 0 0 0 0
0 0 0 0 0 0 0 0 0 0 0 0 0 0 0 0 0 0 0 0 0
0 0 0 0 0 0 0 0 0 0 0 0 0 0 0 0 0 0 0 0 0
0 0 0 0 0 0 0 0 0 0 0 0 0 0 0 0 0 0 0 0 0
0 0 0 0 0 0 0 0 0 0 0 0 0 0 0 0 0 0 0 0 0
0 0 0 0 0 0 0 0 0 0 0 0 0 0 0 0 0 0 0 0 0
0 0 0 0 0 0 0 0 0 0 0 0 0 0 0 0 0 0 0 0 0
0 0 0 0 0 0 0 0 0 0 0 0 0 0 0 0 0 0 0 0 0
0 0 0 0 0 0 0 0 0 0 0 0 0 0 0 0 0 0 0 0 0
0 0 0 0 0 0 0 0 0 0 0 0 0 0 0 0 0 0 0 0 0
0 0 0 0 0 0 0 0 0 0 0 0 0 0 0 0 0 0 0 0 0
0 0 0 0 0 0 0 0 0 0 0 0 0 0 0 0 0 0 0 0 0
0 0 0 0 0 0 0 0 0 0 0 0 0 0 0 0 0 0 0 0 0
0 0 0 0 0 0 0 0 0 0 0 0 0 0 0 0 0 0 0 0 0
0 0 0 0 0 0 0 0 0 0 0 0 0 0 0 0 0 0 0 0 0
0 0 0 0 0 0 0 0 0 0 0 0 0 0 0 0 0 0 0 0 0
0 0 0 0 0 0 0 0 0 0 0 0 0 0 0 0 0 0 0 0 0
0 0 0 0 0 0 0 0 0 0 0 0 0 0 0 0 0 0 0 0 0
0 0 0 0 0 0 0 0 0 0 0 0 0 0 0 0 0 0 0 0 0
0 0 0 0 0 0 0 0 0 0 0 0 0 0 0 0 0 0 0 0 0
14 14 7 -7 -17 -6 9 16 1 1 1 1 3 3 3 3 0 0 0 0 0
-7 -16 -1 -18 -10 11 -15 -20 1 1 1 1 3 3 3 3 0 0 0 0 1
14 7 -7 -17 -6 9 16 -15 1 1 1 1 3 3 3 3 0 0 0 0 2
-16 -1 -18 -10 11 -15 -20 3 1 1 1 1 3 3 3 3 0 0 0 0 3
7 -7 -17 -6 9 16 -15 -9 1 1 1 1 3 3 3 3 0 0 0 0 4
-1 -18 -10 11 -15 -20 3 -1 1 1 1 1 3 3 3 3 0 0 0 0 5
-7 -17 -6 9 16 -15 -9 13 1 1 1 1 3 3 3 3 0 0 0 0 6
-18 -10 11 -15 -20 3 -1 14 1 1 1 1 3 3 3 3 0 0 0 0 7
-17 -6 9 16 -15 -9 13 -10 1 1 1 1 3 3 3 3 0 0 0 0 8
-10 11 -15 -20 3 -1 14 -13 1 1 1 1 3 3 3 3 0 0 0 0 9
-5 -7 -8 2 -2 18 8 -5 1 1 1 1 3 3 3 3 0 0 0 0 10
7 9 6 -13 20 3 1 19 1 1 1 1 3 3 3 3 0 0 0 0 11
-7 -8 2 -2 18 8 -5 10 1 1 1 1 3 3 3 3 0 0 0 0 12
9 6 -13 20 3 1 19 14 1 1 1 1 3 3 3 3 0 0 0 0 13
-8 2 -2 18 8 -5 10 20 1 1 1 1 3 3 3 3 0 0 0 0 14
6 -13 20 3 1 19 14 3 1 1 1 1 3 3 3 3 0 0 0 0 15
2 -2 18 8 -5 10 20 15 1 1 1 1 3 3 3 3 0 0 0 0 16
-13 20 3 1 19 14 3 -1 1 1 1 1 3 3 3 3 0 0 0 0 17
-2 18 8 -5 10 20 15 -14 1 1 1 1 3 3 3 3 0 0 0 0 18
20 3 1 19 14 3 -1 -4 1 1 1 1 3 3 3 3 0 0 0 0 19
-9 -15 17 12 11 -17 11 2 1 1 1 1 3 3 3 3 0 0 0 0 20
10 17 15 -5 2 -5 -19 3 1 1 1 1 3 3 3 3 0 0 0 0 21
-15 17 12 11 -17 11 2 7 1 1 1 1 3 3 3 3 0 0 0 0 22
17 15 -5 2 -5 -19 3 -14 1 1 1 1 3 3 3 3 0 0 0 0 23
17 12 11 -17 11 2 7 10 1 1 1 1 3 3 3 3 0 0 0 0 24
15 -5 2 -5 -19 3 -14 -8 1 1 1 1 3 3 3 3 0 0 0 0 25
12 11 -17 11 2 7 10 -4 1 1 1 1 3 3 3 3 0 0 0 0 26
-5 2 -5 -19 3 -14 -8 -16 1 1 1 1 3 3 3 3 0 0 0 0 27
11 -17 11 2 7 10 -4 20 1 1 1 1 3 3 3 3 0 0 0 0 28
2 -5 -19 3 -14 -8 -16 15 1 1 1 1 3 3 3 3 1 1 1 1 29
-15 -9 13 -10 -20 0 0 0 1 1 1 1 1 0 0 0 0 0 0 0 0
3 -1 14 -13 -11 0 0 0 1 1 1 1 1 0 0 0 0 0 0 0 1
-9 13 -10 -20 0 0 0 0 1 1 1 1 1 0 0 0 0 0 0 0 2
-1 14 -13 -11 0 0 0 0 1 1 1 1 1 0 0 0 0 0 0 0 3
13 -10 -20 0 0 0 0 0 1 1 1 1 1 0 0 0 0 0 0 0 4
14 -13 -11 0 0 0 0 0 1 1 1 1 1 0 0 0 0 0 0 0 5
-10 -20 0 0 0 0 0 0 1 1 1 1 1 0 0 0 0 0 0 0 6
-13 -11 0 0 0 0 0 0 1 1 1 1 1 0 0 0 0 0 0 0 7
-20 0 0 0 0 0 0 0 1 1 1 1 1 0 0 0 0 0 0 0 8
-11 0 0 0 0 0 0 0 1 1 1 1 1 0 0 0 0 0 0 0 9
10 20 15 -14 -10 0 0 0 1 1 1 1 1 0 0 0 0 0 0 0 10
14 3 -1 -4 -12 0 0 0 1 1 1 1 1 0 0 0 0 0 0 0 11
20 15 -14 -10 0 0 0 0 1 1 1 1 1 0 0 0 0 0 0 0 12
3 -1 -4 -12 0 0 0 0 1 1 1 1 1 0 0 0 0 0 0 0 13
15 -14 -10 0 0 0 0 0 1 1 1 1 1 0 0 0 0 0 0 0 14
-1 -4 -12 0 0 0 0 0 1 1 1 1 1 0 0 0 0 0 0 0 15
-14 -10 0 0 0 0 0 0 1 1 1 1 1 0 0 0 0 0 0 0 16
-4 -12 0 0 0 0 0 0 1 1 1 1 1 0 0 0 0 0 0 0 17
-10 0 0 0 0 0 0 0 1 1 1 1 1 0 0 0 0 0 0 0 18
-12 0 0 0 0 0 0 0 1 1 1 1 1 0 0 0 0 0 0 0 19
7 10 -4 20 17 0 0 0 1 1 1 1 1 0 0 0 0 0 0 0 20
-14 -8 -16 15 -1 0 0 0 1 1 1 1 1 0 0 0 0 0 0 0 21
10 -4 20 17 0 0 0 0 1 1 1 1 1 0 0 0 0 0 0 0 22
-8 -16 15 -1 0 0 0 0 1 1 1 1 1 0 0 0 0 0 0 0 23
-4 20 17 0 0 0 0 0 1 1 1 1 1 0 0 0 0 0 0 0 24
-16 15 -1 0 0 0 0 0 1 1 1 1 1 0 0 0 0 0 0 0 25
20 17 0 0 0 0 0 0 1 1 1 1 1 0 0 0 0 0 0 0 26
15 -1 0 0 0 0 0 0 1 1 1 1 1 0 0 0 0 0 0 0 27
17 0 0 0 0 0 0 0 1 1 1 1 1 0 0 0 0 0 0 0 28
-1 0 0 0 0 0 0 0 1 1 1 1 1 0 0 0 1 1 1 1 29
0 0 0 0 0 0 0 0 0 0 0 0 0 0 0 0 0 0 0 0 0
0 0 0 0 0 0 0 0 0 0 0 0 0 0 0 0 0 0 0 0 0
0 0 0 0 0 0 0 0 0 0 0 0 0 0 0 0 0 0 0 0 0
0 0 0 0 0 0 0 0 0 0 0 0 0 0 0 0 0 0 0 0 0
0 0 0 0 0 0 0 0 0 0 0 0 0 0 0 0 0 0 0 0 0
0 0 0 0 0 0 0 0 0 0 0 0 0 0 0 0 0 0 0 0 0
0 0 0 0 0 0 0 0 0 0 0 0 0 0 0 0 0 0 0 0 0
0 0 0 0 0 0 0 0 0 0 0 0 0 0 0 0 0 0 0 0 0
0 0 0 0 0 0 0 0 0 0 0 0 0 0 0 0 0 0 0 0 0
0 0 0 0 0 0 0 0 0 0 0 0 0 0 0 0 0 0 0 0 0
0 0 0 0 0 0 0 0 0 0 0 0 0 0 0 0 0 0 0 0 0
0 0 0 0 0 0 0 0 0 0 0 0 0 0 0 0 0 0 0 0 0
0 0 0 0 0 0 0 0 0 0 0 0 0 0 0 0 0 0 0 0 0
0 0 0 0 0 0 0 0 0 0 0 0 0 0 0 0 0 0 0 0 0
0 0 0 0 0 0 0 0 0 0 0 0 0 0 0 0 0 0 0 0 0
0 0 0 0 0 0 0 0 0 0 0 0 0 0 0 0 0 0 0 0 0
0 0 0 0 0 0 0 0 0 0 0 0 0 0 0 0 0 0 0 0 0
0 0 0 0 0 0 0 0 0 0 0 0 0 0 0 0 0 0 0 0 0
0 0 0 0 0 0 0 0 0 0 0 0 0 0 0 0 0 0 0 0 0
0 0 0 0 0 0 0 0 0 0 0 0 0 0 0 0 0 0 0 0 0
0 0 0 0 0 0 0 0 0 0 0 0 0 0 0 0 0 0 0 0 0
0 0 0 0 0 0 0 0 0 0 0 0 0 0 0 0 0 0 0 0 0
0 0 0 0 0 0 0 0 0 0 0 0 0 0 0 0 0 0 0 0 0
0 0 0 0 0 0 0 0 0 0 0 0 0 0 0 0 0 0 0 0 0
0 0 0 0 0 0 0 0 0 0 0 0 0 0 0 0 0 0 0 0 0
0 0 0 0 0 0 0 0 0 0 0 0 0 0 0 0 0 0 0 0 0
0 0 0 0 0 0 0 0 0 0 0 0 0 0 0 0 0 0 0 0 0
-5 -7 -8 2 -2 18 8 -5 1 1 1 1 3 3 3 3 0 0 0 0 0
7 9 6 -13 20 3 1 19 1 1 1 1 3 3 3 3 0 0 0 0 1
-7 -8 2 -2 18 8 -5 10 1 1 1 1 3 3 3 3 0 0 0 0 2
9 6 -13 20 3 1 19 14 1 1 1 1 3 3 3 3 0 0 0 0 3
-8 2 -2 18 8 -5 10 20 1 1 1 1 3 3 3 3 0 0 0 0 4
6 -13 20 3 1 19 14 3 1 1 1 1 3 3 3 3 0 0 0 0 5
2 -2 18 8 -5 10 20 15 1 1 1 1 3 3 3 3 0 0 0 0 6
-13 20 3 1 19 14 3 -1 1 1 1 1 3 3 3 3 0 0 0 0 7
-2 18 8 -5 10 20 15 -14 1 1 1 1 3 3 3 3 0 0 0 0 8
20 3 1 19 14 3 -1 -4 1 1 1 1 3 3 3 3 0 0 0 0 9
-9 -15 17 12 11 -17 11 2 1 1 1 1 3 3 3 3 0 0 0 0 10
10 17 15 -5 2 -5 -19 3 1 1 1 1 3 3 3 3 0 0 0 0 11
-15 17 12 11 -17 11 2 7 1 1 1 1 3 3 3 3 0 0 0 0 12
17 15 -5 2 -5 -19 3 -14 1 1 1 1 3 3 3 3 0 0 0 0 13
17 12 11 -17 11 2 7 10 1 1 1 1 3 3 3 3 0 0 0 0 14
15 -5 2 -5 -19 3 -14 -8 1 1 1 1 3 3 3 3 0 0 0 0 15
12 11 -17 11 2 7 10 -4 1 1 1 1 3 3 3 3 0 0 0 0 16
-5 2 -5 -19 3 -14 -8 -16 1 1 1 1 3 3 3 3 0 0 0 0 17
11 -17 11 2 7 10 -4 20 1 1 1 1 3 3 3 3 0 0 0 0 18
2 -5 -19 3 -14 -8 -16 15 1 1 1 1 3 3 3 3 1 1 1 1 19
10 20 15 -14 -10 0 0 0 1 1 1 1 1 0 0 0 0 0 0 0 0
14 3 -1 -4 -12 0 0 0 1 1 1 1 1 0 0 0 0 0 0 0 1
20 15 -14 -10 0 0 0 0 1 1 1 1 1 0 0 0 0 0 0 0 2
3 -1 -4 -12 0 0 0 0 1 1 1 1 1 0 0 0 0 0 0 0 3
15 -14 -10 0 0 0 0 0 1 1 1 1 1 0 0 0 0 0 0 0 4
-1 -4 -12 0 0 0 0 0 1 1 1 1 1 0 0 0 0 0 0 0 5
-14 -10 0 0 0 0 0 0 1 1 1 1 1 0 0 0 0 0 0 0 6
-4 -12 0 0 0 0 0 0 1 1 1 1 1 0 0 0 0 0 0 0 7
-10 0 0 0 0 0 0 0 1 1 1 1 1 0 0 0 0 0 0 0 8
-12 0 0 0 0 0 0 0 1 1 1 1 1 0 0 0 0 0 0 0 9
7 10 -4 20 17 0 0 0 1 1 1 1 1 0 0 0 0 0 0 0 10
-14 -8 -16 15 -1 0 0 0 1 1 1 1 1 0 0 0 0 0 0 0 11
10 -4 20 17 0 0 0 0 1 1 1 1 1 0 0 0 0 0 0 0 12
-8 -16 15 -1 0 0 0 0 1 1 1 1 1 0 0 0 0 0 0 0 13
-4 20 17 0 0 0 0 0 1 1 1 1 1 0 0 0 0 0 0 0 14
-16 15 -1 0 0 0 0 0 1 1 1 1 1 0 0 0 0 0 0 0 15
20 17 0 0 0 0 0 0 1 1 1 1 1 0 0 0 0 0 0 0 16
15 -1 0 0 0 0 0 0 1 1 1 1 1 0 0 0 0 0 0 0 17
17 0 0 0 0 0 0 0 1 1 1 1 1 0 0 0 0 0 0 0 18
-1 0 0 0 0 0 0 0 1 1 1 1 1 0 0 0 1 1 1 1 19
0 0 0 0 0 0 0 0 0 0 0 0 0 0 0 0 0 0 0 0 0
0 0 0 0 0 0 0 0 0 0 0 0 0 0 0 0 0 0 0 0 0
0 0 0 0 0 0 0 0 0 0 0 0 0 0 0 0 0 0 0 0 0
0 0 0 0 0 0 0 0 0 0 0 0 0 0 0 0 0 0 0 0 0
0 0 0 0 0 0 0 0 0 0 0 0 0 0 0 0 0 0 0 0 0
0 0 0 0 0 0 0 0 0 0 0 0 0 0 0 0 0 0 0 0 0
0 0 0 0 0 0 0 0 0 0 0 0 0 0 0 0 0 0 0 0 0
0 0 0 0 0 0 0 0 0 0 0 0 0 0 0 0 0 0 0 0 0
0 0 0 0 0 0 0 0 0 0 0 0 0 0 0 0 0 0 0 0 0
0 0 0 0 0 0 0 0 0 0 0 0 0 0 0 0 0 0 0 0 0
0 0 0 0 0 0 0 0 0 0 0 0 0 0 0 0 0 0 0 0 0
0 0 0 0 0 0 0 0 0 0 0 0 0 0 0 0 0 0 0 0 0
0 0 0 0 0 0 0 0 0 0 0 0 0 0 0 0 0 0 0 0 0
0 0 0 0 0 0 0 0 0 0 0 0 0 0 0 0 0 0 0 0 0
0 0 0 0 0 0 0 0 0 0 0 0 0 0 0 0 0 0 0 0 0
0 0 0 0 0 0 0 0 0 0 0 0 0 0 0 0 0 0 0 0 0
0 0 0 0 0 0 0 0 0 0 0 0 0 0 0 0 0 0 0 0 0
0 0 0 0 0 0 0 0 0 0 0 0 0 0 0 0 0 0 0 0 0
0 0 0 0 0 0 0 0 0 0 0 0 0 0 0 0 0 0 0 0 0
0 0 0 0 0 0 0 0 0 0 0 0 0 0 0 0 0 0 0 0 0
0 0 0 0 0 0 0 0 0 0 0 0 0 0 0 0 0 0 0 0 0
0 0 0 0 0 0 0 0 0 0 0 0 0 0 0 0 0 0 0 0 0
0 0 0 0 0 0 0 0 0 0 0 0 0 0 0 0 0 0 0 0 0
0 0 0 0 0 0 0 0 0 0 0 0 0 0 0 0 0 0 0 0 0
0 0 0 0 0 0 0 0 0 0 0 0 0 0 0 0 0 0 0 0 0
0 0 0 0 0 0 0 0 0 0 0 0 0 0 0 0 0 0 0 0 0
0 0 0 0 0 0 0 0 0 0 0 0 0 0 0 0 0 0 0 0 0
-9 -15 17 12 11 -17 11 2 1 1 1 1 3 3 3 3 0 0 0 0 0
10 17 15 -5 2 -5 -19 3 1 1 1 1 3 3 3 3 0 0 0 0 1
-15 17 12 11 -17 11 2 7 1 1 1 1 3 3 3 3 0 0 0 0 2
17 15 -5 2 -5 -19 3 -14 1 1 1 1 3 3 3 3 0 0 0 0 3
17 12 11 -17 11 2 7 10 1 1 1 1 3 3 3 3 0 0 0 0 4
15 -5 2 -5 -19 3 -14 -8 1 1 1 1 3 3 3 3 0 0 0 0 5
12 11 -17 11 2 7 10 -4 1 1 1 1 3 3 3 3 0 0 0 0 6
-5 2 -5 -19 3 -14 -8 -16 1 1 1 1 3 3 3 3 0 0 0 0 7
11 -17 11 2 7 10 -4 20 1 1 1 1 3 3 3 3 0 0 0 0 8
2 -5 -19 3 -14 -8 -16 15 1 1 1 1 3 3 3 3 1 1 1 1 9
7 10 -4 20 17 0 0 0 1 1 1 1 1 0 0 0 0 0 0 0 0
-14 -8 -16 15 -1 0 0 0 1 1 1 1 1 0 0 0 0 0 0 0 1
10 -4 20 17 0 0 0 0 1 1 1 1 1 0 0 0 0 0 0 0 2
-8 -16 15 -1 0 0 0 0 1 1 1 1 1 0 0 0 0 0 0 0 3
-4 20 17 0 0 0 0 0 1 1 1 1 1 0 0 0 0 0 0 0 4
-16 15 -1 0 0 0 0 0 1 1 1 1 1 0 0 0 0 0 0 0 5
20 17 0 0 0 0 0 0 1 1 1 1 1 0 0 0 0 0 0 0 6
15 -1 0 0 0 0 0 0 1 1 1 1 1 0 0 0 0 0 0 0 7
17 0 0 0 0 0 0 0 1 1 1 1 1 0 0 0 0 0 0 0 8
-1 0 0 0 0 0 0 0 1 1 1 1 1 0 0 0 1 1 1 1 9
0 0 0 0 0 0 0 0 0 0 0 0 0 0 0 0 0 0 0 0 0
0 0 0 0 0 0 0 0 0 0 0 0 0 0 0 0 0 0 0 0 0
0 0 0 0 0 0 0 0 0 0 0 0 0 0 0 0 0 0 0 0 0
0 0 0 0 0 0 0 0 0 0 0 0 0 0 0 0 0 0 0 0 0
0 0 0 0 0 0 0 0 0 0 0 0 0 0 0 0 0 0 0 0 0
0 0 0 0 0 0 0 0 0 0 0 0 0 0 0 0 0 0 0 0 0
0 0 0 0 0 0 0 0 0 0 0 0 0 0 0 0 0 0 0 0 0
0 0 0 0 0 0 0 0 0 0 0 0 0 0 0 0 0 0 0 0 0
0 0 0 0 0 0 0 0 0 0 0 0 0 0 0 0 0 0 0 0 0
0 0 0 0 0 0 0 0 0 0 0 0 0 0 0 0 0 0 0 0 0
0 0 0 0 0 0 0 0 0 0 0 0 0 0 0 0 0 0 0 0 0
0 0 0 0 0 0 0 0 0 0 0 0 0 0 0 0 0 0 0 0 0
0 0 0 0 0 0 0 0 0 0 0 0 0 0 0 0 0 0 0 0 0
0 0 0 0 0 0 0 0 0 0 0 0 0 0 0 0 0 0 0 0 0
0 0 0 0 0 0 0 0 0 0 0 0 0 0 0 0 0 0 0 0 0
0 0 0 0 0 0 0 0 0 0 0 0 0 0 0 0 0 0 0 0 0
0 0 0 0 0 0 0 0 0 0 0 0 0 0 0 0 0 0 0 0 0
0 0 0 0 0 0 0 0 0 0 0 0 0 0 0 0 0 0 0 0 0
0 0 0 0 0 0 0 0 0 0 0 0 0 0 0 0 0 0 0 0 0
0 0 0 0 0 0 0 0 0 0 0 0 0 0 0 0 0 0 0 0 0
0 0 0 0 0 0 0 0 0 0 0 0 0 0 0 0 0 0 0 0 0
0 0 0 0 0 0 0 0 0 0 0 0 0 0 0 0 0 0 0 0 0
0 0 0 0 0 0 0 0 0 0 0 0 0 0 0 0 0 0 0 0 0
0 0 0 0 0 0 0 0 0 0 0 0 0 0 0 0 0 0 0 0 0
0 0 0 0 0 0 0 0 0 0 0 0 0 0 0 0 0 0 0 0 0
0 0 0 0 0 0 0 0 0 0 0 0 0 0 0 0 0 0 0 0 0
0 0 0 0 0 0 0 0 0 0 0 0 0 0 0 0 0 0 0 0 0
0 0 0 0 0 0 0 0 1 1 1 1 3 3 3 3 1 1 1 1 0
0 0 0 0 0 0 0 0 1 1 1 1 1 0 0 0 1 1 1 1 0
0 0 0 0 0 0 0 0 0 0 0 0 0 0 0 0 0 0 0 0 0
0 0 0 0 0 0 0 0 0 0 0 0 0 0 0 0 0 0 0 0 0
0 0 0 0 0 0 0 0 0 0 0 0 0 0 0 0 0 0 0 0 0
0 0 0 0 0 0 0 0 0 0 0 0 0 0 0 0 0 0 0 0 0
0 0 0 0 0 0 0 0 0 0 0 0 0 0 0 0 0 0 0 0 0
0 0 0 0 0 0 0 0 0 0 0 0 0 0 0 0 0 0 0 0 0
0 0 0 0 0 0 0 0 0 0 0 0 0 0 0 0 0 0 0 0 0
0 0 0 0 0 0 0 0 0 0 0 0 0 0 0 0 0 0 0 0 0
0 0 0 0 0 0 0 0 0 0 0 0 0 0 0 0 0 0 0 0 0
0 0 0 0 0 0 0 0 0 0 0 0 0 0 0 0 0 0 0 0 0
0 0 0 0 0 0 0 0 0 0 0 0 0 0 0 0 0 0 0 0 0
0 0 0 0 0 0 0 0 0 0 0 0 0 0 0 0 0 0 0 0 0
0 0 0 0 0 0 0 0 0 0 0 0 0 0 0 0 0 0 0 0 0
0 0 0 0 0 0 0 0 0 0 0 0 0 0 0 0 0 0 0 0 0
0 0 0 0 0 0 0 0 0 0 0 0 0 0 0 0 0 0 0 0 0
0 0 0 0 0 0 0 0 0 0 0 0 0 0 0 0 0 0 0 0 0
0 0 0 0 0 0 0 0 0 0 0 0 0 0 0 0 0 0 0 0 0
0 0 0 0 0 0 0 0 0 0 0 0 0 0 0 0 0 0 0 0 0
0 0 0 0 0 0 0 0 0 0 0 0 0 0 0 0 0 0 0 0 0
0 0 0 0 0 0 0 0 0 0 0 0 0 0 0 0 0 0 0 0 0
0 0 0 0 0 0 0 0 0 0 0 0 0 0 0 0 0 0 0 0 0
0 0 0 0 0 0 0 0 0 0 0 0 0 0 0 0 0 0 0 0 0
0 0 0 0 0 0 0 0 0 0 0 0 0 0 0 0 0 0 0 0 0
0 0 0 0 0 0 0 0 0 0 0 0 0 0 0 0 0 0 0 0 0
0 0 0 0 0 0 0 0 0 0 0 0 0 0 0 0 0 0 0 0 0
0 0 0 0 0 0 0 0 0 0 0 0 0 0 0 0 0 0 0 0 0
0 0 0 0 0 0 0 0 0 0 0 0 0 0 0 0 0 0 0 0 0
11 -14 3 11 -11 -8 -9 10 1 1 1 1 3 3 3 3 0 0 0 0 40
-7 19 -16 -3 3 19 -13 0 1 1 1 1 3 3 3 3 0 0 0 0 41
-14 3 11 -11 -8 -9 10 -12 1 1 1 1 3 3 3 3 0 0 0 0 42
19 -16 -3 3 19 -13 0 13 1 1 1 1 3 3 3 3 0 0 0 0 43
3 11 -11 -8 -9 10 -12 -6 1 1 1 1 3 3 3 3 0 0 0 0 44
-16 -3 3 19 -13 0 13 -16 1 1 1 1 3 3 3 3 0 0 0 0 45
11 -11 -8 -9 10 -12 -6 -4 1 1 1 1 3 3 3 3 0 0 0 0 46
-3 3 19 -13 0 13 -16 19 1 1 1 1 3 3 3 3 0 0 0 0 47
-11 -8 -9 10 -12 -6 -4 14 1 1 1 1 3 3 3 3 0 0 0 0 48
3 19 -13 0 13 -16 19 6 1 1 1 1 3 3 3 3 1 1 1 1 49
-12 -6 -4 14 12 0 0 0 1 1 1 1 1 0 0 0 0 0 0 0 40
13 -16 19 6 -8 0 0 0 1 1 1 1 1 0 0 0 0 0 0 0 41
-6 -4 14 12 0 0 0 0 1 1 1 1 1 0 0 0 0 0 0 0 42
-16 19 6 -8 0 0 0 0 1 1 1 1 1 0 0 0 0 0 0 0 43
-4 14 12 0 0 0 0 0 1 1 1 1 1 0 0 0 0 0 0 0 44
19 6 -8 0 0 0 0 0 1 1 1 1 1 0 0 0 0 0 0 0 45
14 12 0 0 0 0 0 0 1 1 1 1 1 0 0 0 0 0 0 0 46
6 -8 0 0 0 0 0 0 1 1 1 1 1 0 0 0 0 0 0 0 47
12 0 0 0 0 0 0 0 1 1 1 1 1 0 0 0 0 0 0 0 48
-8 0 0 0 0 0 0 0 1 1 1 1 1 0 0 0 1 1 1 1 49
0 0 0 0 0 0 0 0 0 0 0 0 0 0 0 0 0 0 0 0 0
0 0 0 0 0 0 0 0 0 0 0 0 0 0 0 0 0 0 0 0 0
0 0 0 0 0 0 0 0 0 0 0 0 0 0 0 0 0 0 0 0 0
0 0 0 0 0 0 0 0 0 0 0 0 0 0 0 0 0 0 0 0 0
0 0 0 0 0 0 0 0 0 0 0 0 0 0 0 0 0 0 0 0 0
0 0 0 0 0 0 0 0 0 0 0 0 0 0 0 0 0 0 0 0 0
0 0 0 0 0 0 0 0 0 0 0 0 0 0 0 0 0 0 0 0 0
0 0 0 0 0 0 0 0 0 0 0 0 0 0 0 0 0 0 0 0 0
0 0 0 0 0 0 0 0 0 0 0 0 0 0 0 0 0 0 0 0 0
0 0 0 0 0 0 0 0 0 0 0 0 0 0 0 0 0 0 0 0 0
0 0 0 0 0 0 0 0 0 0 0 0 0 0 0 0 0 0 0 0 0
0 0 0 0 0 0 0 0 0 0 0 0 0 0 0 0 0 0 0 0 0
0 0 0 0 0 0 0 0 0 0 0 0 0 0 0 0 0 0 0 0 0
0 0 0 0 0 0 0 0 0 0 0 0 0 0 0 0 0 0 0 0 0
0 0 0 0 0 0 0 0 0 0 0 0 0 0 0 0 0 0 0 0 0
0 0 0 0 0 0 0 0 0 0 0 0 0 0 0 0 0 0 0 0 0
0 0 0 0 0 0 0 0 0 0 0 0 0 0 0 0 0 0 0 0 0
0 0 0 0 0 0 0 0 0 0 0 0 0 0 0 0 0 0 0 0 0
0 0 0 0 0 0 0 0 0 0 0 0 0 0 0 0 0 0 0 0 0
0 0 0 0 0 0 0 0 0 0 0 0 0 0 0 0 0 0 0 0 0
0 0 0 0 0 0 0 0 0 0 0 0 0 0 0 0 0 0 0 0 0
0 0 0 0 0 0 0 0 0 0 0 0 0 0 0 0 0 0 0 0 0
0 0 0 0 0 0 0 0 0 0 0 0 0 0 0 0 0 0 0 0 0
0 0 0 0 0 0 0 0 0 0 0 0 0 0 0 0 0 0 0 0 0
0 0 0 0 0 0 0 0 0 0 0 0 0 0 0 0 0 0 0 0 0
0 0 0 0 0 0 0 0 0 0 0 0 0 0 0 0 0 0 0 0 0
0 0 0 0 0 0 0 0 0 0 0 0 0 0 0 0 0 0 0 0 0
11 -14 3 11 -11 -8 -9 10 1 1 1 1 3 3 3 3 0 0 0 0 30
-7 19 -16 -3 3 19 -13 0 1 1 1 1 3 3 3 3 0 0 0 0 31
-14 3 11 -11 -8 -9 10 -12 1 1 1 1 3 3 3 3 0 0 0 0 32
19 -16 -3 3 19 -13 0 13 1 1 1 1 3 3 3 3 0 0 0 0 33
3 11 -11 -8 -9 10 -12 -6 1 1 1 1 3 3 3 3 0 0 0 0 34
-16 -3 3 19 -13 0 13 -16 1 1 1 1 3 3 3 3 0 0 0 0 35
11 -11 -8 -9 10 -12 -6 -4 1 1 1 1 3 3 3 3 0 0 0 0 36
-3 3 19 -13 0 13 -16 19 1 1 1 1 3 3 3 3 0 0 0 0 37
-11 -8 -9 10 -12 -6 -4 14 1 1 1 1 3 3 3 3 0 0 0 0 38
3 19 -13 0 13 -16 19 6 1 1 1 1 3 3 3 3 0 0 0 0 39
-19 -7 9 9 9 13 -2 2 1 1 1 1 3 3 3 3 0 0 0 0 40
17 2 14 -10 -10 -10 12 16 1 1 1 1 3 3 3 3 0 0 0 0 41
-7 9 9 9 13 -2 2 1 1 1 1 1 3 3 3 3 0 0 0 0 42
2 14 -10 -10 -10 12 16 -4 1 1 1 1 3 3 3 3 0 0 0 0 43
9 9 9 13 -2 2 1 9 1 1 1 1 3 3 3 3 0 0 0 0 44
14 -10 -10 -10 12 16 -4 -16 1 1 1 1 3 3 3 3 0 0 0 0 45
9 9 13 -2 2 1 9 8 1 1 1 1 3 3 3 3 0 0 0 0 46
-10 -10 -10 12 16 -4 -16 3 1 1 1 1 3 3 3 3 0 0 0 0 47
9 13 -2 2 1 9 8 9 1 1 1 1 3 3 3 3 0 0 0 0 48
-10 -10 12 16 -4 -16 3 2 1 1 1 1 3 3 3 3 1 1 1 1 49
-12 -6 -4 14 12 0 0 0 1 1 1 1 1 0 0 0 0 0 0 0 30
13 -16 19 6 -8 0 0 0 1 1 1 1 1 0 0 0 0 0 0 0 31
-6 -4 14 12 0 0 0 0 1 1 1 1 1 0 0 0 0 0 0 0 32
-16 19 6 -8 0 0 0 0 1 1 1 1 1 0 0 0 0 0 0 0 33
-4 14 12 0 0 0 0 0 1 1 1 1 1 0 0 0 0 0 0 0 34
19 6 -8 0 0 0 0 0 1 1 1 1 1 0 0 0 0 0 0 0 35
14 12 0 0 0 0 0 0 1 1 1 1 1 0 0 0 0 0 0 0 36
6 -8 0 0 0 0 0 0 1 1 1 1 1 0 0 0 0 0 0 0 37
12 0 0 0 0 0 0 0 1 1 1 1 1 0 0 0 0 0 0 0 38
-8 0 0 0 0 0 0 0 1 1 1 1 1 0 0 0 0 0 0 0 39
1 9 8 9 16 0 0 0 1 1 1 1 1 0 0 0 0 0 0 0 40
-4 -16 3 2 -7 0 0 0 1 1 1 1 1 0 0 0 0 0 0 0 41
9 8 9 16 0 0 0 0 1 1 1 1 1 0 0 0 0 0 0 0 42
-16 3 2 -7 0 0 0 0 1 1 1 1 1 0 0 0 0 0 0 0 43
8 9 16 0 0 0 0 0 1 1 1 1 1 0 0 0 0 0 0 0 44
3 2 -7 0 0 0 0 0 1 1 1 1 1 0 0 0 0 0 0 0 45
9 16 0 0 0 0 0 0 1 1 1 1 1 0 0 0 0 0 0 0 46
2 -7 0 0 0 0 0 0 1 1 1 1 1 0 0 0 0 0 0 0 47
16 0 0 0 0 0 0 0 1 1 1 1 1 0 0 0 0 0 0 0 48
-7 0 0 0 0 0 0 0 1 1 1 1 1 0 0 0 1 1 1 1 49
0 0 0 0 0 0 0 0 0 0 0 0 0 0 0 0 0 0 0 0 0
0 0 0 0 0 0 0 0 0 0 0 0 0 0 0 0 0 0 0 0 0
0 0 0 0 0 0 0 0 0 0 0 0 0 0 0 0 0 0 0 0 0
0 0 0 0 0 0 0 0 0 0 0 0 0 0 0 0 0 0 0 0 0
0 0 0 0 0 0 0 0 0 0 0 0 0 0 0 0 0 0 0 0 0
0 0 0 0 0 0 0 0 0 0 0 0 0 0 0 0 0 0 0 0 0
0 0 0 0 0 0 0 0 0 0 0 0 0 0 0 0 0 0 0 0 0
0 0 0 0 0 0 0 0 0 0 0 0 0 0 0 0 0 0 0 0 0
0 0 0 0 0 0 0 0 0 0 0 0 0 0 0 0 0 0 0 0 0
0 0 0 0 0 0 0 0 0 0 0 0 0 0 0 0 0 0 0 0 0
0 0 0 0 0 0 0 0 0 0 0 0 0 0 0 0 0 0 0 0 0
0 0 0 0 0 0 0 0 0 0 0 0 0 0 0 0 0 0 0 0 0
0 0 0 0 0 0 0 0 0 0 0 0 0 0 0 0 0 0 0 0 0
0 0 0 0 0 0 0 0 0 0 0 0 0 0 0 0 0 0 0 0 0
0 0 0 0 0 0 0 0 0 0 0 0 0 0 0 0 0 0 0 0 0
0 0 0 0 0 0 0 0 0 0 0 0 0 0 0 0 0 0 0 0 0
0 0 0 0 0 0 0 0 0 0 0 0 0 0 0 0 0 0 0 0 0
0 0 0 0 0 0 0 0 0 0 0 0 0 0 0 0 0 0 0 0 0
0 0 0 0 0 0 0 0 0 0 0 0 0 0 0 0 0 0 0 0 0
0 0 0 0 0 0 0 0 0 0 0 0 0 0 0 0 0 0 0 0 0
0 0 0 0 0 0 0 0 0 0 0 0 0 0 0 0 0 0 0 0 0
0 0 0 0 0 0 0 0 0 0 0 0 0 0 0 0 0 0 0 0 0
0 0 0 0 0 0 0 0 0 0 0 0 0 0 0 0 0 0 0 0 0
0 0 0 0 0 0 0 0 0 0 0 0 0 0 0 0 0 0 0 0 0
0 0 0 0 0 0 0 0 0 0 0 0 0 0 0 0 0 0 0 0 0
0 0 0 0 0 0 0 0 0 0 0 0 0 0 0 0 0 0 0 0 0
0 0 0 0 0 0 0 0 0 0 0 0 0 0 0 0 0 0 0 0 0
11 -14 3 11 -11 -8 -9 10 1 1 1 1 3 3 3 3 0 0 0 0 20
-7 19 -16 -3 3 19 -13 0 1 1 1 1 3 3 3 3 0 0 0 0 21
-14 3 11 -11 -8 -9 10 -12 1 1 1 1 3 3 3 3 0 0 0 0 22
19 -16 -3 3 19 -13 0 13 1 1 1 1 3 3 3 3 0 0 0 0 23
3 11 -11 -8 -9 10 -12 -6 1 1 1 1 3 3 3 3 0 0 0 0 24
-16 -3 3 19 -13 0 13 -16 1 1 1 1 3 3 3 3 0 0 0 0 25
11 -11 -8 -9 10 -12 -6 -4 1 1 1 1 3 3 3 3 0 0 0 0 26
-3 3 19 -13 0 13 -16 19 1 1 1 1 3 3 3 3 0 0 0 0 27
-11 -8 -9 10 -12 -6 -4 14 1 1 1 1 3 3 3 3 0 0 0 0 28
3 19 -13 0 13 -16 19 6 1 1 1 1 3 3 3 3 0 0 0 0 29
-19 -7 9 9 9 13 -2 2 1 1 1 1 3 3 3 3 0 0 0 0 30
17 2 14 -10 -10 -10 12 16 1 1 1 1 3 3 3 3 0 0 0 0 31
-7 9 9 9 13 -2 2 1 1 1 1 1 3 3 3 3 0 0 0 0 32
2 14 -10 -10 -10 12 16 -4 1 1 1 1 3 3 3 3 0 0 0 0 33
9 9 9 13 -2 2 1 9 1 1 1 1 3 3 3 3 0 0 0 0 34
14 -10 -10 -10 12 16 -4 -16 1 1 1 1 3 3 3 3 0 0 0 0 35
9 9 13 -2 2 1 9 8 1 1 1 1 3 3 3 3 0 0 0 0 36
-10 -10 -10 12 16 -4 -16 3 1 1 1 1 3 3 3 3 0 0 0 0 37
9 13 -2 2 1 9 8 9 1 1 1 1 3 3 3 3 0 0 0 0 38
-10 -10 12 16 -4 -16 3 2 1 1 1 1 3 3 3 3 0 0 0 0 39
16 -6 5 -6 12 4 -11 12 1 1 1 1 3 3 3 3 0 0 0 0 40
17 -2 13 16 -9 -20 -15 17 1 1 1 1 3 3 3 3 0 0 0 0 41
-6 5 -6 12 4 -11 12 -20 1 1 1 1 3 3 3 3 0 0 0 0 42
-2 13 16 -9 -20 -15 17 14 1 1 1 1 3 3 3 3 0 0 0 0 43
5 -6 12 4 -11 12 -20 1 1 1 1 1 3 3 3 3 0 0 0 0 44
13 16 -9 -20 -15 17 14 -14 1 1 1 1 3 3 3 3 0 0 0 0 45
-6 12 4 -11 12 -20 1 -19 1 1 1 1 3 3 3 3 0 0 0 0 46
16 -9 -20 -15 17 14 -14 11 1 1 1 1 3 3 3 3 0 0 0 0 47
12 4 -11 12 -20 1 -19 -19 1 1 1 1 3 3 3 3 0 0 0 0 48
-9 -20 -15 17 14 -14 11 11 1 1 1 1 3 3 3 3 1 1 1 1 49
-12 -6 -4 14 12 0 0 0 1 1 1 1 1 0 0 0 0 0 0 0 20
13 -16 19 6 -8 0 0 0 1 1 1 1 1 0 0 0 0 0 0 0 21
-6 -4 14 12 0 0 0 0 1 1 1 1 1 0 0 0 0 0 0 0 22
-16 19 6 -8 0 0 0 0 1 1 1 1 1 0 0 0 0 0 0 0 23
-4 14 12 0 0 0 0 0 1 1 1 1 1 0 0 0 0 0 0 0 24
19 6 -8 0 0 0 0 0 1 1 1 1 1 0 0 0 0 0 0 0 25
14 12 0 0 0 0 0 0 1 1 1 1 1 0 0 0 0 0 0 0 26
6 -8 0 0 0 0 0 0 1 1 1 1 1 0 0 0 0 0 0 0 27
12 0 0 0 0 0 0 0 1 1 1 1 1 0 0 0 0 0 0 0 28
-8 0 0 0 0 0 0 0 1 1 1 1 1 0 0 0 0 0 0 0 29
1 9 8 9 16 0 0 0 1 1 1 1 1 0 0 0 0 0 0 0 30
-4 -16 3 2 -7 0 0 0 1 1 1 1 1 0 0 0 0 0 0 0 31
9 8 9 16 0 0 0 0 1 1 1 1 1 0 0 0 0 0 0 0 32
-16 3 2 -7 0 0 0 0 1 1 1 1 1 0 0 0 0 0 0 0 33
8 9 16 0 0 0 0 0 1 1 1 1 1 0 0 0 0 0 0 0 34
3 2 -7 0 0 0 0 0 1 1 1 1 1 0 0 0 0 0 0 0 35
9 16 0 0 0 0 0 0 1 1 1 1 1 0 0 0 0 0 0 0 36
2 -7 0 0 0 0 0 0 1 1 1 1 1 0 0 0 0 0 0 0 37
16 0 0 0 0 0 0 0 1 1 1 1 1 0 0 0 0 0 0 0 38
-7 0 0 0 0 0 0 0 1 1 1 1 1 0 0 0 0 0 0 0 39
-20 1 -19 -19 -5 0 0 0 1 1 1 1 1 0 0 0 0 0 0 0 40
14 -14 11 11 17 0 0 0 1 1 1 1 1 0 0 0 0 0 0 0 41
1 -19 -19 -5 0 0 0 0 1 1 1 1 1 0 0 0 0 0 0 0 42
-14 11 11 17 0 0 0 0 1 1 1 1 1 0 0 0 0 0 0 0 43
-19 -19 -5 0 0 0 0 0 1 1 1 1 1 0 0 0 0 0 0 0 44
11 11 17 0 0 0 0 0 1 1 1 1 1 0 0 0 0 0 0 0 45
-19 -5 0 0 0 0 0 0 1 1 1 1 1 0 0 0 0 0 0 0 46
11 17 0 0 0 0 0 0 1 1 1 1 1 0 0 0 0 0 0 0 47
-5 0 0 0 0 0 0 0 1 1 1 1 1 0 0 0 0 0 0 0 48
17 0 0 0 0 0 0 0 1 1 1 1 1 0 0 0 1 1 1 1 49
0 0 0 0 0 0 0 0 0 0 0 0 0 0 0 0 0 0 0 0 0
0 0 0 0 0 0 0 0 0 0 0 0 0 0 0 0 0 0 0 0 0
0 0 0 0 0 0 0 0 0 0 0 0 0 0 0 0 0 0 0 0 0
0 0 0 0 0 0 0 0 0 0 0 0 0 0 0 0 0 0 0 0 0
0 0 0 0 0 0 0 0 0 0 0 0 0 0 0 0 0 0 0 0 0
0 0 0 0 0 0 0 0 0 0 0 0 0 0 0 0 0 0 0 0 0
0 0 0 0 0 0 0 0 0 0 0 0 0 0 0 0 0 0 0 0 0
0 0 0 0 0 0 0 0 0 0 0 0 0 0 0 0 0 0 0 0 0
0 0 0 0 0 0 0 0 0 0 0 0 0 0 0 0 0 0 0 0 0
0 0 0 0 0 0 0 0 0 0 0 0 0 0 0 0 0 0 0 0 0
0 0 0 0 0 0 0 0 0 0 0 0 0 0 0 0 0 0 0 0 0
0 0 0 0 0 0 0 0 0 0 0 0 0 0 0 0 0 0 0 0 0
0 0 0 0 0 0 0 0 0 0 0 0 0 0 0 0 0 0 0 0 0
0 0 0 0 0 0 0 0 0 0 0 0 0 0 0 0 0 0 0 0 0
0 0 0 0 0 0 0 0 0 0 0 0 0 0 0 0 0 0 0 0 0
0 0 0 0 0 0 0 0 0 0 0 0 0 0 0 0 0 0 0 0 0
0 0 0 0 0 0 0 0 0 0 0 0 0 0 0 0 0 0 0 0 0
0 0 0 0 0 0 0 0 0 0 0 0 0 0 0 0 0 0 0 0 0
0 0 0 0 0 0 0 0 0 0 0 0 0 0 0 0 0 0 0 0 0
0 0 0 0 0 0 0 0 0 0 0 0 0 0 0 0 0 0 0 0 0
0 0 0 0 0 0 0 0 0 0 0 0 0 0 0 0 0 0 0 0 0
0 0 0 0 0 0 0 0 0 0 0 0 0 0 0 0 0 0 0 0 0
0 0 0 0 0 0 0 0 0 0 0 0 0 0 0 0 0 0 0 0 0
0 0 0 0 0 0 0 0 0 0 0 0 0 0 0 0 0 0 0 0 0
0 0 0 0 0 0 0 0 0 0 0 0 0 0 0 0 0 0 0 0 0
0 0 0 0 0 0 0 0 0 0 0 0 0 0 0 0 0 0 0 0 0
0 0 0 0 0 0 0 0 0 0 0 0 0 0 0 0 0 0 0 0 0
11 -14 3 11 -11 -8 -9 10 1 1 1 1 3 3 3 3 0 0 0 0 10
-7 19 -16 -3 3 19 -13 0 1 1 1 1 3 3 3 3 0 0 0 0 11
-14 3 11 -11 -8 -9 10 -12 1 1 1 1 3 3 3 3 0 0 0 0 12
19 -16 -3 3 19 -13 0 13 1 1 1 1 3 3 3 3 0 0 0 0 13
3 11 -11 -8 -9 10 -12 -6 1 1 1 1 3 3 3 3 0 0 0 0 14
-16 -3 3 19 -13 0 13 -16 1 1 1 1 3 3 3 3 0 0 0 0 15
11 -11 -8 -9 10 -12 -6 -4 1 1 1 1 3 3 3 3 0 0 0 0 16
-3 3 19 -13 0 13 -16 19 1 1 1 1 3 3 3 3 0 0 0 0 17
-11 -8 -9 10 -12 -6 -4 14 1 1 1 1 3 3 3 3 0 0 0 0 18
3 19 -13 0 13 -16 19 6 1 1 1 1 3 3 3 3 0 0 0 0 19
-19 -7 9 9 9 13 -2 2 1 1 1 1 3 3 3 3 0 0 0 0 20
17 2 14 -10 -10 -10 12 16 1 1 1 1 3 3 3 3 0 0 0 0 21
-7 9 9 9 13 -2 2 1 1 1 1 1 3 3 3 3 0 0 0 0 22
2 14 -10 -10 -10 12 16 -4 1 1 1 1 3 3 3 3 0 0 0 0 23
9 9 9 13 -2 2 1 9 1 1 1 1 3 3 3 3 0 0 0 0 24
14 -10 -10 -10 12 16 -4 -16 1 1 1 1 3 3 3 3 0 0 0 0 25
9 9 13 -2 2 1 9 8 1 1 1 1 3 3 3 3 0 0 0 0 26
-10 -10 -10 12 16 -4 -16 3 1 1 1 1 3 3 3 3 0 0 0 0 27
9 13 -2 2 1 9 8 9 1 1 1 1 3 3 3 3 0 0 0 0 28
-10 -10 12 16 -4 -16 3 2 1 1 1 1 3 3 3 3 0 0 0 0 29
16 -6 5 -6 12 4 -11 12 1 1 1 1 3 3 3 3 0 0 0 0 30
17 -2 13 16 -9 -20 -15 17 1 1 1 1 3 3 3 3 0 0 0 0 31
-6 5 -6 12 4 -11 12 -20 1 1 1 1 3 3 3 3 0 0 0 0 32
-2 13 16 -9 -20 -15 17 14 1 1 1 1 3 3 3 3 0 0 0 0 33
5 -6 12 4 -11 12 -20 1 1 1 1 1 3 3 3 3 0 0 0 0 34
13 16 -9 -20 -15 17 14 -14 1 1 1 1 3 3 3 3 0 0 0 0 35
-6 12 4 -11 12 -20 1 -19 1 1 1 1 3 3 3 3 0 0 0 0 36
16 -9 -20 -15 17 14 -14 11 1 1 1 1 3 3 3 3 0 0 0 0 37
12 4 -11 12 -20 1 -19 -19 1 1 1 1 3 3 3 3 0 0 0 0 38
-9 -20 -15 17 14 -14 11 11 1 1 1 1 3 3 3 3 0 0 0 0 39
19 -9 12 -8 -6 -9 9 -9 1 1 1 1 3 3 3 3 0 0 0 0 40
2 11 -5 -18 18 8 17 0 1 1 1 1 3 3 3 3 0 0 0 0 41
-9 12 -8 -6 -9 9 -9 14 1 1 1 1 3 3 3 3 0 0 0 0 42
11 -5 -18 18 8 17 0 -20 1 1 1 1 3 3 3 3 0 0 0 0 43
12 -8 -6 -9 9 -9 14 20 1 1 1 1 3 3 3 3 0 0 0 0 44
-5 -18 18 8 17 0 -20 15 1 1 1 1 3 3 3 3 0 0 0 0 45
-8 -6 -9 9 -9 14 20 -12 1 1 1 1 3 3 3 3 0 0 0 0 46
-18 18 8 17 0 -20 15 1 1 1 1 1 3 3 3 3 0 0 0 0 47
-6 -9 9 -9 14 20 -12 14 1 1 1 1 3 3 3 3 0 0 0 0 48
18 8 17 0 -20 15 1 19 1 1 1 1 3 3 3 3 1 1 1 1 49
-12 -6 -4 14 12 0 0 0 1 1 1 1 1 0 0 0 0 0 0 0 10
13 -16 19 6 -8 0 0 0 1 1 1 1 1 0 0 0 0 0 0 0 11
-6 -4 14 12 0 0 0 0 1 1 1 1 1 0 0 0 0 0 0 0 12
-16 19 6 -8 0 0 0 0 1 1 1 1 1 0 0 0 0 0 0 0 13
-4 14 12 0 0 0 0 0 1 1 1 1 1 0 0 0 0 0 0 0 14
19 6 -8 0 0 0 0 0 1 1 1 1 1 0 0 0 0 0 0 0 15
14 12 0 0 0 0 0 0 1 1 1 1 1 0 0 0 0 0 0 0 16
6 -8 0 0 0 0 0 0 1 1 1 1 1 0 0 0 0 0 0 0 17
12 0 0 0 0 0 0 0 1 1 1 1 1 0 0 0 0 0 0 0 18
-8 0 0 0 0 0 0 0 1 1 1 1 1 0 0 0 0 0 0 0 19
1 9 8 9 16 0 0 0 1 1 1 1 1 0 0 0 0 0 0 0 20
-4 -16 3 2 -7 0 0 0 1 1 1 1 1 0 0 0 0 0 0 0 21
9 8 9 16 0 0 0 0 1 1 1 1 1 0 0 0 0 0 0 0 22
-16 3 2 -7 0 0 0 0 1 1 1 1 1 0 0 0 0 0 0 0 23
8 9 16 0 0 0 0 0 1 1 1 1 1 0 0 0 0 0 0 0 24
3 2 -7 0 0 0 0 0 1 1 1 1 1 0 0 0 0 0 0 0 25
9 16 0 0 0 0 0 0 1 1 1 1 1 0 0 0 0 0 0 0 26
2 -7 0 0 0 0 0 0 1 1 1 1 1 0 0 0 0 0 0 0 27
16 0 0 0 0 0 0 0 1 1 1 1 1 0 0 0 0 0 0 0 28
-7 0 0 0 0 0 0 0 1 1 1 1 1 0 0 0 0 0 0 0 29
-20 1 -19 -19 -5 0 0 0 1 1 1 1 1 0 0 0 0 0 0 0 30
14 -14 11 11 17 0 0 0 1 1 1 1 1 0 0 0 0 0 0 0 31
1 -19 -19 -5 0 0 0 0 1 1 1 1 1 0 0 0 0 0 0 0 32
-14 11 11 17 0 0 0 0 1 1 1 1 1 0 0 0 0 0 0 0 33
-19 -19 -5 0 0 0 0 0 1 1 1 1 1 0 0 0 0 0 0 0 34
11 11 17 0 0 0 0 0 1 1 1 1 1 0 0 0 0 0 0 0 35
-19 -5 0 0 0 0 0 0 1 1 1 1 1 0 0 0 0 0 0 0 36
11 17 0 0 0 0 0 0 1 1 1 1 1 0 0 0 0 0 0 0 37
-5 0 0 0 0 0 0 0 1 1 1 1 1 0 0 0 0 0 0 0 38
17 0 0 0 0 0 0 0 1 1 1 1 1 0 0 0 0 0 0 0 39
14 20 -12 14 1 0 0 0 1 1 1 1 1 0 0 0 0 0 0 0 40
-20 15 1 19 -8 0 0 0 1 1 1 1 1 0 0 0 0 0 0 0 41
20 -12 14 1 0 0 0 0 1 1 1 1 1 0 0 0 0 0 0 0 42
15 1 19 -8 0 0 0 0 1 1 1 1 1 0 0 0 0 0 0 0 43
-12 14 1 0 0 0 0 0 1 1 1 1 1 0 0 0 0 0 0 0 44
1 19 -8 0 0 0 0 0 1 1 1 1 1 0 0 0 0 0 0 0 45
14 1 0 0 0 0 0 0 1 1 1 1 1 0 0 0 0 0 0 0 46
19 -8 0 0 0 0 0 0 1 1 1 1 1 0 0 0 0 0 0 0 47
1 0 0 0 0 0 0 0 1 1 1 1 1 0 0 0 0 0 0 0 48
-8 0 0 0 0 0 0 0 1 1 1 1 1 0 0 0 1 1 1 1 49
0 0 0 0 0 0 0 0 0 0 0 0 0 0 0 0 0 0 0 0 0
0 0 0 0 0 0 0 0 0 0 0 0 0 0 0 0 0 0 0 0 0
0 0 0 0 0 0 0 0 0 0 0 0 0 0 0 0 0 0 0 0 0
0 0 0 0 0 0 0 0 0 0 0 0 0 0 0 0 0 0 0 0 0
0 0 0 0 0 0 0 0 0 0 0 0 0 0 0 0 0 0 0 0 0
0 0 0 0 0 0 0 0 0 0 0 0 0 0 0 0 0 0 0 0 0
0 0 0 0 0 0 0 0 0 0 0 0 0 0 0 0 0 0 0 0 0
0 0 0 0 0 0 0 0 0 0 0 0 0 0 0 0 0 0 0 0 0
0 0 0 0 0 0 0 0 0 0 0 0 0 0 0 0 0 0 0 0 0
0 0 0 0 0 0 0 0 0 0 0 0 0 0 0 0 0 0 0 0 0
0 0 0 0 0 0 0 0 0 0 0 0 0 0 0 0 0 0 0 0 0
0 0 0 0 0 0 0 0 0 0 0 0 0 0 0 0 0 0 0 0 0
0 0 0 0 0 0 0 0 0 0 0 0 0 0 0 0 0 0 0 0 0
0 0 0 0 0 0 0 0 0 0 0 0 0 0 0 0 0 0 0 0 0
0 0 0 0 0 0 0 0 0 0 0 0 0 0 0 0 0 0 0 0 0
0 0 0 0 0 0 0 0 0 0 0 0 0 0 0 0 0 0 0 0 0
0 0 0 0 0 0 0 0 0 0 0 0 0 0 0 0 0 0 0 0 0
0 0 0 0 0 0 0 0 0 0 0 0 0 0 0 0 0 0 0 0 0
0 0 0 0 0 0 0 0 0 0 0 0 0 0 0 0 0 0 0 0 0
0 0 0 0 0 0 0 0 0 0 0 0 0 0 0 0 0 0 0 0 0
0 0 0 0 0 0 0 0 0 0 0 0 0 0 0 0 0 0 0 0 0
0 0 0 0 0 0 0 0 0 0 0 0 0 0 0 0 0 0 0 0 0
0 0 0 0 0 0 0 0 0 0 0 0 0 0 0 0 0 0 0 0 0
0 0 0 0 0 0 0 0 0 0 0 0 0 0 0 0 0 0 0 0 0
0 0 0 0 0 0 0 0 0 0 0 0 0 0 0 0 0 0 0 0 0
0 0 0 0 0 0 0 0 0 0 0 0 0 0 0 0 0 0 0 0 0
0 0 0 0 0 0 0 0 0 0 0 0 0 0 0 0 0 0 0 0 0
11 -14 3 11 -11 -8 -9 10 1 1 1 1 3 3 3 3 0 0 0 0 0
-7 19 -16 -3 3 19 -13 0 1 1 1 1 3 3 3 3 0 0 0 0 1
-14 3 11 -11 -8 -9 10 -12 1 1 1 1 3 3 3 3 0 0 0 0 2
19 -16 -3 3 19 -13 0 13 1 1 1 1 3 3 3 3 0 0 0 0 3
3 11 -11 -8 -9 10 -12 -6 1 1 1 1 3 3 3 3 0 0 0 0 4
-16 -3 3 19 -13 0 13 -16 1 1 1 1 3 3 3 3 0 0 0 0 5
11 -11 -8 -9 10 -12 -6 -4 1 1 1 1 3 3 3 3 0 0 0 0 6
-3 3 19 -13 0 13 -16 19 1 1 1 1 3 3 3 3 0 0 0 0 7
-11 -8 -9 10 -12 -6 -4 14 1 1 1 1 3 3 3 3 0 0 0 0 8
3 19 -13 0 13 -16 19 6 1 1 1 1 3 3 3 3 0 0 0 0 9
-19 -7 9 9 9 13 -2 2 1 1 1 1 3 3 3 3 0 0 0 0 10
17 2 14 -10 -10 -10 12 16 1 1 1 1 3 3 3 3 0 0 0 0 11
-7 9 9 9 13 -2 2 1 1 1 1 1 3 3 3 3 0 0 0 0 12
2 14 -10 -10 -10 12 16 -4 1 1 1 1 3 3 3 3 0 0 0 0 13
9 9 9 13 -2 2 1 9 1 1 1 1 3 3 3 3 0 0 0 0 14
14 -10 -10 -10 12 16 -4 -16 1 1 1 1 3 3 3 3 0 0 0 0 15
9 9 13 -2 2 1 9 8 1 1 1 1 3 3 3 3 0 0 0 0 16
-10 -10 -10 12 16 -4 -16 3 1 1 1 1 3 3 3 3 0 0 0 0 17
9 13 -2 2 1 9 8 9 1 1 1 1 3 3 3 3 0 0 0 0 18
-10 -10 12 16 -4 -16 3 2 1 1 1 1 3 3 3 3 0 0 0 0 19
16 -6 5 -6 12 4 -11 12 1 1 1 1 3 3 3 3 0 0 0 0 20
17 -2 13 16 -9 -20 -15 17 1 1 1 1 3 3 3 3 0 0 0 0 21
-6 5 -6 12 4 -11 12 -20 1 1 1 1 3 3 3 3 0 0 0 0 22
-2 13 16 -9 -20 -15 17 14 1 1 1 1 3 3 3 3 0 0 0 0 23
5 -6 12 4 -11 12 -20 1 1 1 1 1 3 3 3 3 0 0 0 0 24
13 16 -9 -20 -15 17 14 -14 1 1 1 1 3 3 3 3 0 0 0 0 25
-6 12 4 -11 12 -20 1 -19 1 1 1 1 3 3 3 3 0 0 0 0 26
16 -9 -20 -15 17 14 -14 11 1 1 1 1 3 3 3 3 0 0 0 0 27
12 4 -11 12 -20 1 -19 -19 1 1 1 1 3 3 3 3 0 0 0 0 28
-9 -20 -15 17 14 -14 11 11 1 1 1 1 3 3 3 3 0 0 0 0 29
19 -9 12 -8 -6 -9 9 -9 1 1 1 1 3 3 3 3 0 0 0 0 30
2 11 -5 -18 18 8 17 0 1 1 1 1 3 3 3 3 0 0 0 0 31
-9 12 -8 -6 -9 9 -9 14 1 1 1 1 3 3 3 3 0 0 0 0 32
11 -5 -18 18 8 17 0 -20 1 1 1 1 3 3 3 3 0 0 0 0 33
12 -8 -6 -9 9 -9 14 20 1 1 1 1 3 3 3 3 0 0 0 0 34
-5 -18 18 8 17 0 -20 15 1 1 1 1 3 3 3 3 0 0 0 0 35
-8 -6 -9 9 -9 14 20 -12 1 1 1 1 3 3 3 3 0 0 0 0 36
-18 18 8 17 0 -20 15 1 1 1 1 1 3 3 3 3 0 0 0 0 37
-6 -9 9 -9 14 20 -12 14 1 1 1 1 3 3 3 3 0 0 0 0 38
18 8 17 0 -20 15 1 19 1 1 1 1 3 3 3 3 0 0 0 0 39
-12 -5 -7 2 4 -5 11 -14 1 1 1 1 3 3 3 3 0 0 0 0 40
13 -17 -2 8 5 -10 12 -18 1 1 1 1 3 3 3 3 0 0 0 0 41
-5 -7 2 4 -5 11 -14 11 1 1 1 1 3 3 3 3 0 0 0 0 42
-17 -2 8 5 -10 12 -18 -6 1 1 1 1 3 3 3 3 0 0 0 0 43
-7 2 4 -5 11 -14 11 15 1 1 1 1 3 3 3 3 0 0 0 0 44
-2 8 5 -10 12 -18 -6 -2 1 1 1 1 3 3 3 3 0 0 0 0 45
2 4 -5 11 -14 11 15 5 1 1 1 1 3 3 3 3 0 0 0 0 46
8 5 -10 12 -18 -6 -2 -20 1 1 1 1 3 3 3 3 0 0 0 0 47
4 -5 11 -14 11 15 5 4 1 1 1 1 3 3 3 3 0 0 0 0 48
5 -10 12 -18 -6 -2 -20 20 1 1 1 1 3 3 3 3 1 1 1 1 49
-12 -6 -4 14 12 0 0 0 1 1 1 1 1 0 0 0 0 0 0 0 0
13 -16 19 6 -8 0 0 0 1 1 1 1 1 0 0 0 0 0 0 0 1
-6 -4 14 12 0 0 0 0 1 1 1 1 1 0 0 0 0 0 0 0 2
-16 19 6 -8 0 0 0 0 1 1 1 1 1 0 0 0 0 0 0 0 3
-4 14 12 0 0 0 0 0 1 1 1 1 1 0 0 0 0 0 0 0 4
19 6 -8 0 0 0 0 0 1 1 1 1 1 0 0 0 0 0 0 0 5
14 12 0 0 0 0 0 0 1 1 1 1 1 0 0 0 0 0 0 0 6
6 -8 0 0 0 0 0 0 1 1 1 1 1 0 0 0 0 0 0 0 7
12 0 0 0 0 0 0 0 1 1 1 1 1 0 0 0 0 0 0 0 8
-8 0 0 0 0 0 0 0 1 1 1 1 1 0 0 0 0 0 0 0 9
1 9 8 9 16 0 0 0 1 1 1 1 1 0 0 0 0 0 0 0 10
-4 -16 3 2 -7 0 0 0 1 1 1 1 1 0 0 0 0 0 0 0 11
9 8 9 16 0 0 0 0 1 1 1 1 1 0 0 0 0 0 0 0 12
-16 3 2 -7 0 0 0 0 1 1 1 1 1 0 0 0 0 0 0 0 13
8 9 16 0 0 0 0 0 1 1 1 1 1 0 0 0 0 0 0 0 14
3 2 -7 0 0 0 0 0 1 1 1 1 1 0 0 0 0 0 0 0 15
9 16 0 0 0 0 0 0 1 1 1 1 1 0 0 0 0 0 0 0 16
2 -7 0 0 0 0 0 0 1 1 1 1 1 0 0 0 0 0 0 0 17
16 0 0 0 0 0 0 0 1 1 1 1 1 0 0 0 0 0 0 0 18
-7 0 0 0 0 0 0 0 1 1 1 1 1 0 0 0 0 0 0 0 19
-20 1 -19 -19 -5 0 0 0 1 1 1 1 1 0 0 0 0 0 0 0 20
14 -14 11 11 17 0 0 0 1 1 1 1 1 0 0 0 0 0 0 0 21
1 -19 -19 -5 0 0 0 0 1 1 1 1 1 0 0 0 0 0 0 0 22
-14 11 11 17 0 0 0 0 1 1 1 1 1 0 0 0 0 0 0 0 23
-19 -19 -5 0 0 0 0 0 1 1 1 1 1 0 0 0 0 0 0 0 24
11 11 17 0 0 0 0 0 1 1 1 1 1 0 0 0 0 0 0 0 25
-19 -5 0 0 0 0 0 0 1 1 1 1 1 0 0 0 0 0 0 0 26
11 17 0 0 0 0 0 0 1 1 1 1 1 0 0 0 0 0 0 0 27
-5 0 0 0 0 0 0 0 1 1 1 1 1 0 0 0 0 0 0 0 28
17 0 0 0 0 0 0 0 1 1 1 1 1 0 0 0 0 0 0 0 29
14 20 -12 14 1 0 0 0 1 1 1 1 1 0 0 0 0 0 0 0 30
-20 15 1 19 -8 0 0 0 1 1 1 1 1 0 0 0 0 0 0 0 31
20 -12 14 1 0 0 0 0 1 1 1 1 1 0 0 0 0 0 0 0 32
15 1 19 -8 0 0 0 0 1 1 1 1 1 0 0 0 0 0 0 0 33
-12 14 1 0 0 0 0 0 1 1 1 1 1 0 0 0 0 0 0 0 34
1 19 -8 0 0 0 0 0 1 1 1 1 1 0 0 0 0 0 0 0 35
14 1 0 0 0 0 0 0 1 1 1 1 1 0 0 0 0 0 0 0 36
19 -8 0 0 0 0 0 0 1 1 1 1 1 0 0 0 0 0 0 0 37
1 0 0 0 0 0 0 0 1 1 1 1 1 0 0 0 0 0 0 0 38
-8 0 0 0 0 0 0 0 1 1 1 1 1 0 0 0 0 0 0 0 39
11 15 5 4 -3 0 0 0 1 1 1 1 1 0 0 0 0 0 0 0 40
-6 -2 -20 20 -18 0 0 0 1 1 1 1 1 0 0 0 0 0 0 0 41
15 5 4 -3 0 0 0 0 1 1 1 1 1 0 0 0 0 0 0 0 42
-2 -20 20 -18 0 0 0 0 1 1 1 1 1 0 0 0 0 0 0 0 43
5 4 -3 0 0 0 0 0 1 1 1 1 1 0 0 0 0 0 0 0 44
-20 20 -18 0 0 0 0 0 1 1 1 1 1 0 0 0 0 0 0 0 45
4 -3 0 0 0 0 0 0 1 1 1 1 1 0 0 0 0 0 0 0 46
20 -18 0 0 0 0 0 0 1 1 1 1 1 0 0 0 0 0 0 0 47
-3 0 0 0 0 0 0 0 1 1 1 1 1 0 0 0 0 0 0 0 48
-18 0 0 0 0 0 0 0 1 1 1 1 1 0 0 0 1 1 1 1 49
