2 13 13 9 9
14 14 7 -7 -17 -6 9 16 -15 -9 13 -10 -20 -7 -16 -1 -18 -10 11 -15 -20 3 -1 14 -13 -11
-5 -7 -8 2 -2 18 8 -5 10 20 15 -14 -10 7 9 6 -13 20 3 1 19 14 3 -1 -4 -12
-9 -15 17 12 11 -17 11 2 7 10 -4 20 17 10 17 15 -5 2 -5 -19 3 -14 -8 -16 15 -1
0 0 0 0 0 0 0 0 0 0 0 0 0 0 0 0 0 0 0 0 0 0 0 0 0 0
0 0 0 0 0 0 0 0 0 0 0 0 0 0 0 0 0 0 0 0 0 0 0 0 0 0
0 0 0 0 0 0 0 0 0 0 0 0 0 0 0 0 0 0 0 0 0 0 0 0 0 0
0 0 0 0 0 0 0 0 0 0 0 0 0 0 0 0 0 0 0 0 0 0 0 0 0 0
0 0 0 0 0 0 0 0 0 0 0 0 0 0 0 0 0 0 0 0 0 0 0 0 0 0
11 -14 3 11 -11 -8 -9 10 -12 -6 -4 14 12 -7 19 -16 -3 3 19 -13 0 13 -16 19 6 -8
-19 -7 9 9 9 13 -2 2 1 9 8 9 16 17 2 14 -10 -10 -10 12 16 -4 -16 3 2 -7
16 -6 5 -6 12 4 -11 12 -20 1 -19 -19 -5 17 -2 13 16 -9 -20 -15 17 14 -14 11 11 17
19 -9 12 -8 -6 -9 9 -9 14 20 -12 14 1 2 11 -5 -18 18 8 17 0 -20 15 1 19 -8
-12 -5 -7 2 4 -5 11 -14 11 15 5 4 -3 13 -17 -2 8 5 -10 12 -18 -6 -2 -20 20 -18
