0 0 0 0 0 0 0 0 0 0
0 0 0 0 0 0 0 0 0 0
0 0 0 0 0 0 0 0 0 0
0 0 0 0 0 0 0 0 0 0
0 0 0 0 0 0 0 0 0 0
0 0 0 0 0 0 0 0 0 0
0 0 0 0 0 0 0 0 0 0
0 0 0 0 0 0 0 0 0 0
0 0 0 0 0 0 0 0 0 0
0 0 0 0 0 0 0 0 0 0
0 0 0 0 0 0 0 0 0 0
0 0 0 0 0 0 0 0 0 0
0 0 0 0 0 0 0 0 0 0
0 0 0 0 0 0 0 0 0 0
0 0 0 0 0 0 0 0 0 0
0 0 0 0 0 0 0 0 0 0
0 0 0 0 0 0 0 0 0 0
0 0 0 0 0 0 0 0 0 0
0 0 0 0 0 0 0 0 0 0
0 0 0 0 0 0 0 0 0 0
0 0 0 0 0 0 0 0 0 0
0 0 0 0 0 0 0 0 0 0
0 0 0 0 0 0 0 0 0 0
0 0 0 0 0 0 0 0 0 0
0 0 0 0 0 0 0 0 0 0
0 0 0 0 0 0 0 0 0 0
0 0 0 0 0 0 0 0 0 0
0 0 0 0 0 0 0 0 0 0
0 0 0 0 0 0 0 0 0 0
0 0 0 0 0 0 0 0 0 0
0 0 0 0 0 0 0 0 0 0
0 0 0 0 0 0 0 0 0 0
0 0 0 0 0 0 0 0 0 0
0 0 0 0 0 0 0 0 0 0
0 0 0 0 0 0 0 0 0 0
0 0 0 0 0 0 0 0 0 0
0 0 0 0 0 0 0 0 0 0
0 0 0 0 0 0 0 0 0 0
0 0 0 0 0 0 0 0 0 0
0 0 0 0 0 0 0 0 0 0
0 0 0 0 0 0 0 0 0 0
0 0 0 0 0 0 0 0 0 0
0 0 0 0 0 0 0 0 0 0
0 0 0 0 0 0 0 0 0 0
0 0 0 0 0 0 0 0 0 0
0 0 0 0 0 0 0 0 0 0
0 0 0 0 0 0 0 0 0 0
0 0 0 0 0 0 0 0 0 0
0 0 0 0 0 0 0 0 0 0
0 0 0 0 0 0 0 0 0 0
0 0 0 0 0 0 0 0 0 0
0 0 0 0 0 0 0 0 0 0
0 0 0 0 0 0 0 0 0 0
0 0 0 0 0 0 0 0 0 0
0 0 0 0 0 0 0 0 0 0
0 0 0 0 0 0 0 0 0 0
0 0 0 0 0 0 0 0 0 0
0 0 0 0 0 0 0 0 0 0
0 0 0 0 0 0 0 0 0 0
0 0 0 0 0 0 0 0 0 0
0 0 0 0 0 0 0 0 0 0
0 0 0 0 0 0 0 0 0 0
0 0 0 0 0 0 0 0 0 0
0 0 0 0 0 0 0 0 0 0
0 0 0 0 0 0 0 0 0 0
0 0 0 0 0 0 0 0 0 0
0 0 0 0 0 0 0 0 0 0
0 0 0 0 0 0 0 0 0 0
0 0 0 0 0 0 0 0 0 0
0 0 0 0 0 0 0 0 0 0
0 0 0 0 0 0 0 0 0 0
0 0 0 0 0 0 0 0 0 0
0 0 0 0 0 0 0 0 0 0
0 0 0 0 0 0 0 0 0 0
0 0 0 0 0 0 0 0 0 0
0 0 0 0 0 0 0 0 0 0
0 0 0 0 0 0 0 0 0 0
0 0 0 0 0 0 0 0 0 0
0 0 0 0 0 0 0 0 0 0
0 0 0 0 0 0 0 0 0 0
0 0 0 0 0 0 0 0 0 0
0 0 0 0 0 0 0 0 0 0
0 0 0 0 0 0 0 0 0 0
0 0 0 0 0 0 0 0 0 0
0 0 0 0 0 0 0 0 0 0
0 0 0 0 0 0 0 0 0 0
0 0 0 0 0 0 0 0 0 0
0 0 0 0 0 0 0 0 0 0
0 0 0 0 0 0 0 0 0 0
0 0 0 0 0 0 0 0 0 0
0 0 0 0 0 0 0 0 0 0
0 0 0 0 0 0 0 0 0 0
0 0 0 0 0 0 0 0 0 0
0 0 0 0 0 0 0 0 0 0
0 0 0 0 0 0 0 0 0 0
0 0 0 0 0 0 0 0 0 0
0 0 0 0 0 0 0 0 0 0
0 0 0 0 0 0 0 0 0 0
0 0 0 0 0 0 0 0 0 0
0 0 0 0 0 0 0 0 0 0
0 0 0 0 0 0 0 0 0 0
0 0 0 0 0 0 0 0 0 0
0 0 0 0 0 0 0 0 0 0
0 0 0 0 0 0 0 0 0 0
0 0 0 0 0 0 0 0 0 0
0 0 0 0 0 0 0 0 0 0
0 0 0 0 0 0 0 0 0 0
0 0 0 0 0 0 0 0 0 0
0 0 0 0 0 0 0 0 0 0
0 0 0 0 0 0 0 0 0 0
0 0 0 0 0 0 0 0 0 0
0 0 0 0 0 0 0 0 0 0
0 0 0 0 0 0 0 0 0 0
0 0 0 0 0 0 0 0 0 0
0 0 0 0 0 0 0 0 0 0
0 0 0 0 0 0 0 0 0 0
0 0 0 0 0 0 0 0 0 0
0 0 0 0 0 0 0 0 0 0
0 0 0 0 0 0 0 0 0 0
0 0 0 0 0 0 0 0 0 0
0 0 0 0 0 0 0 0 0 0
0 0 0 0 0 0 0 0 0 0
0 0 0 0 0 0 0 0 0 0
0 0 0 0 0 0 0 0 0 0
0 0 0 0 0 0 0 0 0 0
0 0 0 0 0 0 0 0 0 0
0 0 0 0 0 0 0 0 0 0
0 0 0 0 0 0 0 0 0 0
0 0 0 0 0 0 0 0 0 0
0 0 0 0 0 0 0 0 0 0
0 0 0 0 0 0 0 0 0 0
0 0 0 0 0 0 0 0 0 0
-112 -105 -98 -91 -84 -77 -70 -63 1 0
-109 -102 -95 -88 -81 -74 -67 -60 1 0
-106 -99 -92 -85 -78 -71 -64 -57 1 0
-103 -96 -89 -82 -75 -68 -61 -54 1 0
-100 -93 -86 -79 -72 -65 -58 -51 1 0
-97 -90 -83 -76 -69 -62 -55 -48 1 0
-94 -87 -80 -73 -66 -59 -52 -45 1 0
-91 -84 -77 -70 -63 -56 -49 -42 1 0
-88 -81 -74 -67 -60 -53 -46 -39 1 0
-85 -78 -71 -64 -57 -50 -43 -36 1 0
-82 -75 -68 -61 -54 -47 -40 -33 1 0
-79 -72 -65 -58 -51 -44 -37 -30 1 0
-76 -69 -62 -55 -48 -41 -34 -27 1 0
-73 -66 -59 -52 -45 -38 -31 -24 1 0
-70 -63 -56 -49 -42 -35 -28 -21 1 0
-67 -60 -53 -46 -39 -32 -25 -18 1 0
-64 -57 -50 -43 -36 -29 -22 -15 1 0
-61 -54 -47 -40 -33 -26 -19 -12 1 0
-58 -51 -44 -37 -30 -23 -16 -9 1 0
-55 -48 -41 -34 -27 -20 -13 -6 1 0
-52 -45 -38 -31 -24 -17 -10 -3 1 0
-49 -42 -35 -28 -21 -14 -7 0 1 0
-46 -39 -32 -25 -18 -11 -4 3 1 0
-43 -36 -29 -22 -15 -8 -1 6 1 0
-40 -33 -26 -19 -12 -5 2 9 1 0
-37 -30 -23 -16 -9 -2 5 12 1 0
-34 -27 -20 -13 -6 1 8 15 1 0
-31 -24 -17 -10 -3 4 11 18 1 0
-28 -21 -14 -7 0 7 14 21 1 0
-25 -18 -11 -4 3 10 17 24 1 1
-112 -105 -98 -91 -84 -77 -70 -63 1 0
-109 -102 -95 -88 -81 -74 -67 -60 1 0
-106 -99 -92 -85 -78 -71 -64 -57 1 0
-103 -96 -89 -82 -75 -68 -61 -54 1 0
-100 -93 -86 -79 -72 -65 -58 -51 1 0
-97 -90 -83 -76 -69 -62 -55 -48 1 0
-94 -87 -80 -73 -66 -59 -52 -45 1 0
-91 -84 -77 -70 -63 -56 -49 -42 1 0
-88 -81 -74 -67 -60 -53 -46 -39 1 0
-85 -78 -71 -64 -57 -50 -43 -36 1 0
-82 -75 -68 -61 -54 -47 -40 -33 1 0
-79 -72 -65 -58 -51 -44 -37 -30 1 0
-76 -69 -62 -55 -48 -41 -34 -27 1 0
-73 -66 -59 -52 -45 -38 -31 -24 1 0
-70 -63 -56 -49 -42 -35 -28 -21 1 0
-67 -60 -53 -46 -39 -32 -25 -18 1 0
-64 -57 -50 -43 -36 -29 -22 -15 1 0
-61 -54 -47 -40 -33 -26 -19 -12 1 0
-58 -51 -44 -37 -30 -23 -16 -9 1 0
-55 -48 -41 -34 -27 -20 -13 -6 1 0
-52 -45 -38 -31 -24 -17 -10 -3 1 0
-49 -42 -35 -28 -21 -14 -7 0 1 0
-46 -39 -32 -25 -18 -11 -4 3 1 0
-43 -36 -29 -22 -15 -8 -1 6 1 0
-40 -33 -26 -19 -12 -5 2 9 1 0
-37 -30 -23 -16 -9 -2 5 12 1 0
-34 -27 -20 -13 -6 1 8 15 1 0
-31 -24 -17 -10 -3 4 11 18 1 0
-28 -21 -14 -7 0 7 14 21 1 0
-25 -18 -11 -4 3 10 17 24 1 1
0 0 0 0 0 0 0 0 0 0
0 0 0 0 0 0 0 0 0 0
0 0 0 0 0 0 0 0 0 0
0 0 0 0 0 0 0 0 0 0
0 0 0 0 0 0 0 0 0 0
0 0 0 0 0 0 0 0 0 0
0 0 0 0 0 0 0 0 0 0
0 0 0 0 0 0 0 0 0 0
0 0 0 0 0 0 0 0 0 0
0 0 0 0 0 0 0 0 0 0
0 0 0 0 0 0 0 0 0 0
0 0 0 0 0 0 0 0 0 0
0 0 0 0 0 0 0 0 0 0
0 0 0 0 0 0 0 0 0 0
0 0 0 0 0 0 0 0 0 0
0 0 0 0 0 0 0 0 0 0
0 0 0 0 0 0 0 0 0 0
0 0 0 0 0 0 0 0 0 0
0 0 0 0 0 0 0 0 0 0
0 0 0 0 0 0 0 0 0 0
0 0 0 0 0 0 0 0 0 0
0 0 0 0 0 0 0 0 0 0
0 0 0 0 0 0 0 0 0 0
0 0 0 0 0 0 0 0 0 0
0 0 0 0 0 0 0 0 0 0
0 0 0 0 0 0 0 0 0 0
0 0 0 0 0 0 0 0 0 0
-112 -105 -98 -91 -84 -77 -70 -63 1 0
-109 -102 -95 -88 -81 -74 -67 -60 1 0
-106 -99 -92 -85 -78 -71 -64 -57 1 0
-103 -96 -89 -82 -75 -68 -61 -54 1 0
-100 -93 -86 -79 -72 -65 -58 -51 1 0
-97 -90 -83 -76 -69 -62 -55 -48 1 0
-94 -87 -80 -73 -66 -59 -52 -45 1 0
-91 -84 -77 -70 -63 -56 -49 -42 1 0
-88 -81 -74 -67 -60 -53 -46 -39 1 0
-85 -78 -71 -64 -57 -50 -43 -36 1 0
-82 -75 -68 -61 -54 -47 -40 -33 1 0
-79 -72 -65 -58 -51 -44 -37 -30 1 0
-76 -69 -62 -55 -48 -41 -34 -27 1 0
-73 -66 -59 -52 -45 -38 -31 -24 1 0
-70 -63 -56 -49 -42 -35 -28 -21 1 0
-67 -60 -53 -46 -39 -32 -25 -18 1 0
-64 -57 -50 -43 -36 -29 -22 -15 1 0
-61 -54 -47 -40 -33 -26 -19 -12 1 0
-58 -51 -44 -37 -30 -23 -16 -9 1 0
-55 -48 -41 -34 -27 -20 -13 -6 1 1
-112 -105 -98 -91 -84 -77 -70 -63 1 0
-109 -102 -95 -88 -81 -74 -67 -60 1 0
-106 -99 -92 -85 -78 -71 -64 -57 1 0
-103 -96 -89 -82 -75 -68 -61 -54 1 0
-100 -93 -86 -79 -72 -65 -58 -51 1 0
-97 -90 -83 -76 -69 -62 -55 -48 1 0
-94 -87 -80 -73 -66 -59 -52 -45 1 0
-91 -84 -77 -70 -63 -56 -49 -42 1 0
-88 -81 -74 -67 -60 -53 -46 -39 1 0
-85 -78 -71 -64 -57 -50 -43 -36 1 0
-82 -75 -68 -61 -54 -47 -40 -33 1 0
-79 -72 -65 -58 -51 -44 -37 -30 1 0
-76 -69 -62 -55 -48 -41 -34 -27 1 0
-73 -66 -59 -52 -45 -38 -31 -24 1 0
-70 -63 -56 -49 -42 -35 -28 -21 1 0
-67 -60 -53 -46 -39 -32 -25 -18 1 0
-64 -57 -50 -43 -36 -29 -22 -15 1 0
-61 -54 -47 -40 -33 -26 -19 -12 1 0
-58 -51 -44 -37 -30 -23 -16 -9 1 0
-55 -48 -41 -34 -27 -20 -13 -6 1 1
0 0 0 0 0 0 0 0 0 0
0 0 0 0 0 0 0 0 0 0
0 0 0 0 0 0 0 0 0 0
0 0 0 0 0 0 0 0 0 0
0 0 0 0 0 0 0 0 0 0
0 0 0 0 0 0 0 0 0 0
0 0 0 0 0 0 0 0 0 0
0 0 0 0 0 0 0 0 0 0
0 0 0 0 0 0 0 0 0 0
0 0 0 0 0 0 0 0 0 0
0 0 0 0 0 0 0 0 0 0
0 0 0 0 0 0 0 0 0 0
0 0 0 0 0 0 0 0 0 0
0 0 0 0 0 0 0 0 0 0
0 0 0 0 0 0 0 0 0 0
0 0 0 0 0 0 0 0 0 0
0 0 0 0 0 0 0 0 0 0
0 0 0 0 0 0 0 0 0 0
0 0 0 0 0 0 0 0 0 0
0 0 0 0 0 0 0 0 0 0
0 0 0 0 0 0 0 0 0 0
0 0 0 0 0 0 0 0 0 0
0 0 0 0 0 0 0 0 0 0
0 0 0 0 0 0 0 0 0 0
0 0 0 0 0 0 0 0 0 0
0 0 0 0 0 0 0 0 0 0
0 0 0 0 0 0 0 0 0 0
-112 -105 -98 -91 -84 -77 -70 -63 1 0
-109 -102 -95 -88 -81 -74 -67 -60 1 0
-106 -99 -92 -85 -78 -71 -64 -57 1 0
-103 -96 -89 -82 -75 -68 -61 -54 1 0
-100 -93 -86 -79 -72 -65 -58 -51 1 0
-97 -90 -83 -76 -69 -62 -55 -48 1 0
-94 -87 -80 -73 -66 -59 -52 -45 1 0
-91 -84 -77 -70 -63 -56 -49 -42 1 0
-88 -81 -74 -67 -60 -53 -46 -39 1 0
-85 -78 -71 -64 -57 -50 -43 -36 1 1
-112 -105 -98 -91 -84 -77 -70 -63 1 0
-109 -102 -95 -88 -81 -74 -67 -60 1 0
-106 -99 -92 -85 -78 -71 -64 -57 1 0
-103 -96 -89 -82 -75 -68 -61 -54 1 0
-100 -93 -86 -79 -72 -65 -58 -51 1 0
-97 -90 -83 -76 -69 -62 -55 -48 1 0
-94 -87 -80 -73 -66 -59 -52 -45 1 0
-91 -84 -77 -70 -63 -56 -49 -42 1 0
-88 -81 -74 -67 -60 -53 -46 -39 1 0
-85 -78 -71 -64 -57 -50 -43 -36 1 1
0 0 0 0 0 0 0 0 0 0
0 0 0 0 0 0 0 0 0 0
0 0 0 0 0 0 0 0 0 0
0 0 0 0 0 0 0 0 0 0
0 0 0 0 0 0 0 0 0 0
0 0 0 0 0 0 0 0 0 0
0 0 0 0 0 0 0 0 0 0
0 0 0 0 0 0 0 0 0 0
0 0 0 0 0 0 0 0 0 0
0 0 0 0 0 0 0 0 0 0
0 0 0 0 0 0 0 0 0 0
0 0 0 0 0 0 0 0 0 0
0 0 0 0 0 0 0 0 0 0
0 0 0 0 0 0 0 0 0 0
0 0 0 0 0 0 0 0 0 0
0 0 0 0 0 0 0 0 0 0
0 0 0 0 0 0 0 0 0 0
0 0 0 0 0 0 0 0 0 0
0 0 0 0 0 0 0 0 0 0
0 0 0 0 0 0 0 0 0 0
0 0 0 0 0 0 0 0 0 0
0 0 0 0 0 0 0 0 0 0
0 0 0 0 0 0 0 0 0 0
0 0 0 0 0 0 0 0 0 0
0 0 0 0 0 0 0 0 0 0
0 0 0 0 0 0 0 0 0 0
0 0 0 0 0 0 0 0 0 0
-112 -105 -98 -91 -84 -77 -70 -63 1 1
-112 -105 -98 -91 -84 -77 -70 -63 1 1
0 0 0 0 0 0 0 0 0 0
0 0 0 0 0 0 0 0 0 0
0 0 0 0 0 0 0 0 0 0
0 0 0 0 0 0 0 0 0 0
0 0 0 0 0 0 0 0 0 0
0 0 0 0 0 0 0 0 0 0
0 0 0 0 0 0 0 0 0 0
0 0 0 0 0 0 0 0 0 0
0 0 0 0 0 0 0 0 0 0
0 0 0 0 0 0 0 0 0 0
0 0 0 0 0 0 0 0 0 0
0 0 0 0 0 0 0 0 0 0
0 0 0 0 0 0 0 0 0 0
0 0 0 0 0 0 0 0 0 0
0 0 0 0 0 0 0 0 0 0
0 0 0 0 0 0 0 0 0 0
0 0 0 0 0 0 0 0 0 0
0 0 0 0 0 0 0 0 0 0
0 0 0 0 0 0 0 0 0 0
0 0 0 0 0 0 0 0 0 0
0 0 0 0 0 0 0 0 0 0
0 0 0 0 0 0 0 0 0 0
0 0 0 0 0 0 0 0 0 0
0 0 0 0 0 0 0 0 0 0
0 0 0 0 0 0 0 0 0 0
0 0 0 0 0 0 0 0 0 0
0 0 0 0 0 0 0 0 0 0
8 15 22 29 36 43 50 57 1 0
11 18 25 32 39 46 53 60 1 0
14 21 28 35 42 49 56 63 1 0
17 24 31 38 45 52 59 66 1 0
20 27 34 41 48 55 62 69 1 0
23 30 37 44 51 58 65 72 1 0
26 33 40 47 54 61 68 75 1 0
29 36 43 50 57 64 71 78 1 0
32 39 46 53 60 67 74 81 1 0
35 42 49 56 63 70 77 84 1 1
8 15 22 29 36 43 50 57 1 0
11 18 25 32 39 46 53 60 1 0
14 21 28 35 42 49 56 63 1 0
17 24 31 38 45 52 59 66 1 0
20 27 34 41 48 55 62 69 1 0
23 30 37 44 51 58 65 72 1 0
26 33 40 47 54 61 68 75 1 0
29 36 43 50 57 64 71 78 1 0
32 39 46 53 60 67 74 81 1 0
35 42 49 56 63 70 77 84 1 1
0 0 0 0 0 0 0 0 0 0
0 0 0 0 0 0 0 0 0 0
0 0 0 0 0 0 0 0 0 0
0 0 0 0 0 0 0 0 0 0
0 0 0 0 0 0 0 0 0 0
0 0 0 0 0 0 0 0 0 0
0 0 0 0 0 0 0 0 0 0
0 0 0 0 0 0 0 0 0 0
0 0 0 0 0 0 0 0 0 0
0 0 0 0 0 0 0 0 0 0
0 0 0 0 0 0 0 0 0 0
0 0 0 0 0 0 0 0 0 0
0 0 0 0 0 0 0 0 0 0
0 0 0 0 0 0 0 0 0 0
0 0 0 0 0 0 0 0 0 0
0 0 0 0 0 0 0 0 0 0
0 0 0 0 0 0 0 0 0 0
0 0 0 0 0 0 0 0 0 0
0 0 0 0 0 0 0 0 0 0
0 0 0 0 0 0 0 0 0 0
0 0 0 0 0 0 0 0 0 0
0 0 0 0 0 0 0 0 0 0
0 0 0 0 0 0 0 0 0 0
0 0 0 0 0 0 0 0 0 0
0 0 0 0 0 0 0 0 0 0
0 0 0 0 0 0 0 0 0 0
0 0 0 0 0 0 0 0 0 0
-22 -15 -8 -1 6 13 20 27 1 0
-19 -12 -5 2 9 16 23 30 1 0
-16 -9 -2 5 12 19 26 33 1 0
-13 -6 1 8 15 22 29 36 1 0
-10 -3 4 11 18 25 32 39 1 0
-7 0 7 14 21 28 35 42 1 0
-4 3 10 17 24 31 38 45 1 0
-1 6 13 20 27 34 41 48 1 0
2 9 16 23 30 37 44 51 1 0
5 12 19 26 33 40 47 54 1 0
8 15 22 29 36 43 50 57 1 0
11 18 25 32 39 46 53 60 1 0
14 21 28 35 42 49 56 63 1 0
17 24 31 38 45 52 59 66 1 0
20 27 34 41 48 55 62 69 1 0
23 30 37 44 51 58 65 72 1 0
26 33 40 47 54 61 68 75 1 0
29 36 43 50 57 64 71 78 1 0
32 39 46 53 60 67 74 81 1 0
35 42 49 56 63 70 77 84 1 1
-22 -15 -8 -1 6 13 20 27 1 0
-19 -12 -5 2 9 16 23 30 1 0
-16 -9 -2 5 12 19 26 33 1 0
-13 -6 1 8 15 22 29 36 1 0
-10 -3 4 11 18 25 32 39 1 0
-7 0 7 14 21 28 35 42 1 0
-4 3 10 17 24 31 38 45 1 0
-1 6 13 20 27 34 41 48 1 0
2 9 16 23 30 37 44 51 1 0
5 12 19 26 33 40 47 54 1 0
8 15 22 29 36 43 50 57 1 0
11 18 25 32 39 46 53 60 1 0
14 21 28 35 42 49 56 63 1 0
17 24 31 38 45 52 59 66 1 0
20 27 34 41 48 55 62 69 1 0
23 30 37 44 51 58 65 72 1 0
26 33 40 47 54 61 68 75 1 0
29 36 43 50 57 64 71 78 1 0
32 39 46 53 60 67 74 81 1 0
35 42 49 56 63 70 77 84 1 1
0 0 0 0 0 0 0 0 0 0
0 0 0 0 0 0 0 0 0 0
0 0 0 0 0 0 0 0 0 0
0 0 0 0 0 0 0 0 0 0
0 0 0 0 0 0 0 0 0 0
0 0 0 0 0 0 0 0 0 0
0 0 0 0 0 0 0 0 0 0
0 0 0 0 0 0 0 0 0 0
0 0 0 0 0 0 0 0 0 0
0 0 0 0 0 0 0 0 0 0
0 0 0 0 0 0 0 0 0 0
0 0 0 0 0 0 0 0 0 0
0 0 0 0 0 0 0 0 0 0
0 0 0 0 0 0 0 0 0 0
0 0 0 0 0 0 0 0 0 0
0 0 0 0 0 0 0 0 0 0
0 0 0 0 0 0 0 0 0 0
0 0 0 0 0 0 0 0 0 0
0 0 0 0 0 0 0 0 0 0
0 0 0 0 0 0 0 0 0 0
0 0 0 0 0 0 0 0 0 0
0 0 0 0 0 0 0 0 0 0
0 0 0 0 0 0 0 0 0 0
0 0 0 0 0 0 0 0 0 0
0 0 0 0 0 0 0 0 0 0
0 0 0 0 0 0 0 0 0 0
0 0 0 0 0 0 0 0 0 0
-52 -45 -38 -31 -24 -17 -10 -3 1 0
-49 -42 -35 -28 -21 -14 -7 0 1 0
-46 -39 -32 -25 -18 -11 -4 3 1 0
-43 -36 -29 -22 -15 -8 -1 6 1 0
-40 -33 -26 -19 -12 -5 2 9 1 0
-37 -30 -23 -16 -9 -2 5 12 1 0
-34 -27 -20 -13 -6 1 8 15 1 0
-31 -24 -17 -10 -3 4 11 18 1 0
-28 -21 -14 -7 0 7 14 21 1 0
-25 -18 -11 -4 3 10 17 24 1 0
-22 -15 -8 -1 6 13 20 27 1 0
-19 -12 -5 2 9 16 23 30 1 0
-16 -9 -2 5 12 19 26 33 1 0
-13 -6 1 8 15 22 29 36 1 0
-10 -3 4 11 18 25 32 39 1 0
-7 0 7 14 21 28 35 42 1 0
-4 3 10 17 24 31 38 45 1 0
-1 6 13 20 27 34 41 48 1 0
2 9 16 23 30 37 44 51 1 0
5 12 19 26 33 40 47 54 1 0
8 15 22 29 36 43 50 57 1 0
11 18 25 32 39 46 53 60 1 0
14 21 28 35 42 49 56 63 1 0
17 24 31 38 45 52 59 66 1 0
20 27 34 41 48 55 62 69 1 0
23 30 37 44 51 58 65 72 1 0
26 33 40 47 54 61 68 75 1 0
29 36 43 50 57 64 71 78 1 0
32 39 46 53 60 67 74 81 1 0
35 42 49 56 63 70 77 84 1 1
-52 -45 -38 -31 -24 -17 -10 -3 1 0
-49 -42 -35 -28 -21 -14 -7 0 1 0
-46 -39 -32 -25 -18 -11 -4 3 1 0
-43 -36 -29 -22 -15 -8 -1 6 1 0
-40 -33 -26 -19 -12 -5 2 9 1 0
-37 -30 -23 -16 -9 -2 5 12 1 0
-34 -27 -20 -13 -6 1 8 15 1 0
-31 -24 -17 -10 -3 4 11 18 1 0
-28 -21 -14 -7 0 7 14 21 1 0
-25 -18 -11 -4 3 10 17 24 1 0
-22 -15 -8 -1 6 13 20 27 1 0
-19 -12 -5 2 9 16 23 30 1 0
-16 -9 -2 5 12 19 26 33 1 0
-13 -6 1 8 15 22 29 36 1 0
-10 -3 4 11 18 25 32 39 1 0
-7 0 7 14 21 28 35 42 1 0
-4 3 10 17 24 31 38 45 1 0
-1 6 13 20 27 34 41 48 1 0
2 9 16 23 30 37 44 51 1 0
5 12 19 26 33 40 47 54 1 0
8 15 22 29 36 43 50 57 1 0
11 18 25 32 39 46 53 60 1 0
14 21 28 35 42 49 56 63 1 0
17 24 31 38 45 52 59 66 1 0
20 27 34 41 48 55 62 69 1 0
23 30 37 44 51 58 65 72 1 0
26 33 40 47 54 61 68 75 1 0
29 36 43 50 57 64 71 78 1 0
32 39 46 53 60 67 74 81 1 0
35 42 49 56 63 70 77 84 1 1
0 0 0 0 0 0 0 0 0 0
0 0 0 0 0 0 0 0 0 0
0 0 0 0 0 0 0 0 0 0
0 0 0 0 0 0 0 0 0 0
0 0 0 0 0 0 0 0 0 0
0 0 0 0 0 0 0 0 0 0
0 0 0 0 0 0 0 0 0 0
0 0 0 0 0 0 0 0 0 0
0 0 0 0 0 0 0 0 0 0
0 0 0 0 0 0 0 0 0 0
0 0 0 0 0 0 0 0 0 0
0 0 0 0 0 0 0 0 0 0
0 0 0 0 0 0 0 0 0 0
0 0 0 0 0 0 0 0 0 0
0 0 0 0 0 0 0 0 0 0
0 0 0 0 0 0 0 0 0 0
0 0 0 0 0 0 0 0 0 0
0 0 0 0 0 0 0 0 0 0
0 0 0 0 0 0 0 0 0 0
0 0 0 0 0 0 0 0 0 0
0 0 0 0 0 0 0 0 0 0
0 0 0 0 0 0 0 0 0 0
0 0 0 0 0 0 0 0 0 0
0 0 0 0 0 0 0 0 0 0
0 0 0 0 0 0 0 0 0 0
0 0 0 0 0 0 0 0 0 0
0 0 0 0 0 0 0 0 0 0
-82 -75 -68 -61 -54 -47 -40 -33 1 0
-79 -72 -65 -58 -51 -44 -37 -30 1 0
-76 -69 -62 -55 -48 -41 -34 -27 1 0
-73 -66 -59 -52 -45 -38 -31 -24 1 0
-70 -63 -56 -49 -42 -35 -28 -21 1 0
-67 -60 -53 -46 -39 -32 -25 -18 1 0
-64 -57 -50 -43 -36 -29 -22 -15 1 0
-61 -54 -47 -40 -33 -26 -19 -12 1 0
-58 -51 -44 -37 -30 -23 -16 -9 1 0
-55 -48 -41 -34 -27 -20 -13 -6 1 0
-52 -45 -38 -31 -24 -17 -10 -3 1 0
-49 -42 -35 -28 -21 -14 -7 0 1 0
-46 -39 -32 -25 -18 -11 -4 3 1 0
-43 -36 -29 -22 -15 -8 -1 6 1 0
-40 -33 -26 -19 -12 -5 2 9 1 0
-37 -30 -23 -16 -9 -2 5 12 1 0
-34 -27 -20 -13 -6 1 8 15 1 0
-31 -24 -17 -10 -3 4 11 18 1 0
-28 -21 -14 -7 0 7 14 21 1 0
-25 -18 -11 -4 3 10 17 24 1 0
-22 -15 -8 -1 6 13 20 27 1 0
-19 -12 -5 2 9 16 23 30 1 0
-16 -9 -2 5 12 19 26 33 1 0
-13 -6 1 8 15 22 29 36 1 0
-10 -3 4 11 18 25 32 39 1 0
-7 0 7 14 21 28 35 42 1 0
-4 3 10 17 24 31 38 45 1 0
-1 6 13 20 27 34 41 48 1 0
2 9 16 23 30 37 44 51 1 0
5 12 19 26 33 40 47 54 1 0
8 15 22 29 36 43 50 57 1 0
11 18 25 32 39 46 53 60 1 0
14 21 28 35 42 49 56 63 1 0
17 24 31 38 45 52 59 66 1 0
20 27 34 41 48 55 62 69 1 0
23 30 37 44 51 58 65 72 1 0
26 33 40 47 54 61 68 75 1 0
29 36 43 50 57 64 71 78 1 0
32 39 46 53 60 67 74 81 1 0
35 42 49 56 63 70 77 84 1 1
-82 -75 -68 -61 -54 -47 -40 -33 1 0
-79 -72 -65 -58 -51 -44 -37 -30 1 0
-76 -69 -62 -55 -48 -41 -34 -27 1 0
-73 -66 -59 -52 -45 -38 -31 -24 1 0
-70 -63 -56 -49 -42 -35 -28 -21 1 0
-67 -60 -53 -46 -39 -32 -25 -18 1 0
-64 -57 -50 -43 -36 -29 -22 -15 1 0
-61 -54 -47 -40 -33 -26 -19 -12 1 0
-58 -51 -44 -37 -30 -23 -16 -9 1 0
-55 -48 -41 -34 -27 -20 -13 -6 1 0
-52 -45 -38 -31 -24 -17 -10 -3 1 0
-49 -42 -35 -28 -21 -14 -7 0 1 0
-46 -39 -32 -25 -18 -11 -4 3 1 0
-43 -36 -29 -22 -15 -8 -1 6 1 0
-40 -33 -26 -19 -12 -5 2 9 1 0
-37 -30 -23 -16 -9 -2 5 12 1 0
-34 -27 -20 -13 -6 1 8 15 1 0
-31 -24 -17 -10 -3 4 11 18 1 0
-28 -21 -14 -7 0 7 14 21 1 0
-25 -18 -11 -4 3 10 17 24 1 0
-22 -15 -8 -1 6 13 20 27 1 0
-19 -12 -5 2 9 16 23 30 1 0
-16 -9 -2 5 12 19 26 33 1 0
-13 -6 1 8 15 22 29 36 1 0
-10 -3 4 11 18 25 32 39 1 0
-7 0 7 14 21 28 35 42 1 0
-4 3 10 17 24 31 38 45 1 0
-1 6 13 20 27 34 41 48 1 0
2 9 16 23 30 37 44 51 1 0
5 12 19 26 33 40 47 54 1 0
8 15 22 29 36 43 50 57 1 0
11 18 25 32 39 46 53 60 1 0
14 21 28 35 42 49 56 63 1 0
17 24 31 38 45 52 59 66 1 0
20 27 34 41 48 55 62 69 1 0
23 30 37 44 51 58 65 72 1 0
26 33 40 47 54 61 68 75 1 0
29 36 43 50 57 64 71 78 1 0
32 39 46 53 60 67 74 81 1 0
35 42 49 56 63 70 77 84 1 1
0 0 0 0 0 0 0 0 0 0
0 0 0 0 0 0 0 0 0 0
0 0 0 0 0 0 0 0 0 0
0 0 0 0 0 0 0 0 0 0
0 0 0 0 0 0 0 0 0 0
0 0 0 0 0 0 0 0 0 0
0 0 0 0 0 0 0 0 0 0
0 0 0 0 0 0 0 0 0 0
0 0 0 0 0 0 0 0 0 0
0 0 0 0 0 0 0 0 0 0
0 0 0 0 0 0 0 0 0 0
0 0 0 0 0 0 0 0 0 0
0 0 0 0 0 0 0 0 0 0
0 0 0 0 0 0 0 0 0 0
0 0 0 0 0 0 0 0 0 0
0 0 0 0 0 0 0 0 0 0
0 0 0 0 0 0 0 0 0 0
0 0 0 0 0 0 0 0 0 0
0 0 0 0 0 0 0 0 0 0
0 0 0 0 0 0 0 0 0 0
0 0 0 0 0 0 0 0 0 0
0 0 0 0 0 0 0 0 0 0
0 0 0 0 0 0 0 0 0 0
0 0 0 0 0 0 0 0 0 0
0 0 0 0 0 0 0 0 0 0
0 0 0 0 0 0 0 0 0 0
0 0 0 0 0 0 0 0 0 0
-112 -105 -98 -91 -84 -77 -70 -63 1 0
-109 -102 -95 -88 -81 -74 -67 -60 1 0
-106 -99 -92 -85 -78 -71 -64 -57 1 0
-103 -96 -89 -82 -75 -68 -61 -54 1 0
-100 -93 -86 -79 -72 -65 -58 -51 1 0
-97 -90 -83 -76 -69 -62 -55 -48 1 0
-94 -87 -80 -73 -66 -59 -52 -45 1 0
-91 -84 -77 -70 -63 -56 -49 -42 1 0
-88 -81 -74 -67 -60 -53 -46 -39 1 0
-85 -78 -71 -64 -57 -50 -43 -36 1 0
-82 -75 -68 -61 -54 -47 -40 -33 1 0
-79 -72 -65 -58 -51 -44 -37 -30 1 0
-76 -69 -62 -55 -48 -41 -34 -27 1 0
-73 -66 -59 -52 -45 -38 -31 -24 1 0
-70 -63 -56 -49 -42 -35 -28 -21 1 0
-67 -60 -53 -46 -39 -32 -25 -18 1 0
-64 -57 -50 -43 -36 -29 -22 -15 1 0
-61 -54 -47 -40 -33 -26 -19 -12 1 0
-58 -51 -44 -37 -30 -23 -16 -9 1 0
-55 -48 -41 -34 -27 -20 -13 -6 1 0
-52 -45 -38 -31 -24 -17 -10 -3 1 0
-49 -42 -35 -28 -21 -14 -7 0 1 0
-46 -39 -32 -25 -18 -11 -4 3 1 0
-43 -36 -29 -22 -15 -8 -1 6 1 0
-40 -33 -26 -19 -12 -5 2 9 1 0
-37 -30 -23 -16 -9 -2 5 12 1 0
-34 -27 -20 -13 -6 1 8 15 1 0
-31 -24 -17 -10 -3 4 11 18 1 0
-28 -21 -14 -7 0 7 14 21 1 0
-25 -18 -11 -4 3 10 17 24 1 0
-22 -15 -8 -1 6 13 20 27 1 0
-19 -12 -5 2 9 16 23 30 1 0
-16 -9 -2 5 12 19 26 33 1 0
-13 -6 1 8 15 22 29 36 1 0
-10 -3 4 11 18 25 32 39 1 0
-7 0 7 14 21 28 35 42 1 0
-4 3 10 17 24 31 38 45 1 0
-1 6 13 20 27 34 41 48 1 0
2 9 16 23 30 37 44 51 1 0
5 12 19 26 33 40 47 54 1 0
8 15 22 29 36 43 50 57 1 0
11 18 25 32 39 46 53 60 1 0
14 21 28 35 42 49 56 63 1 0
17 24 31 38 45 52 59 66 1 0
20 27 34 41 48 55 62 69 1 0
23 30 37 44 51 58 65 72 1 0
26 33 40 47 54 61 68 75 1 0
29 36 43 50 57 64 71 78 1 0
32 39 46 53 60 67 74 81 1 0
35 42 49 56 63 70 77 84 1 1
-112 -105 -98 -91 -84 -77 -70 -63 1 0
-109 -102 -95 -88 -81 -74 -67 -60 1 0
-106 -99 -92 -85 -78 -71 -64 -57 1 0
-103 -96 -89 -82 -75 -68 -61 -54 1 0
-100 -93 -86 -79 -72 -65 -58 -51 1 0
-97 -90 -83 -76 -69 -62 -55 -48 1 0
-94 -87 -80 -73 -66 -59 -52 -45 1 0
-91 -84 -77 -70 -63 -56 -49 -42 1 0
-88 -81 -74 -67 -60 -53 -46 -39 1 0
-85 -78 -71 -64 -57 -50 -43 -36 1 0
-82 -75 -68 -61 -54 -47 -40 -33 1 0
-79 -72 -65 -58 -51 -44 -37 -30 1 0
-76 -69 -62 -55 -48 -41 -34 -27 1 0
-73 -66 -59 -52 -45 -38 -31 -24 1 0
-70 -63 -56 -49 -42 -35 -28 -21 1 0
-67 -60 -53 -46 -39 -32 -25 -18 1 0
-64 -57 -50 -43 -36 -29 -22 -15 1 0
-61 -54 -47 -40 -33 -26 -19 -12 1 0
-58 -51 -44 -37 -30 -23 -16 -9 1 0
-55 -48 -41 -34 -27 -20 -13 -6 1 0
-52 -45 -38 -31 -24 -17 -10 -3 1 0
-49 -42 -35 -28 -21 -14 -7 0 1 0
-46 -39 -32 -25 -18 -11 -4 3 1 0
-43 -36 -29 -22 -15 -8 -1 6 1 0
-40 -33 -26 -19 -12 -5 2 9 1 0
-37 -30 -23 -16 -9 -2 5 12 1 0
-34 -27 -20 -13 -6 1 8 15 1 0
-31 -24 -17 -10 -3 4 11 18 1 0
-28 -21 -14 -7 0 7 14 21 1 0
-25 -18 -11 -4 3 10 17 24 1 0
-22 -15 -8 -1 6 13 20 27 1 0
-19 -12 -5 2 9 16 23 30 1 0
-16 -9 -2 5 12 19 26 33 1 0
-13 -6 1 8 15 22 29 36 1 0
-10 -3 4 11 18 25 32 39 1 0
-7 0 7 14 21 28 35 42 1 0
-4 3 10 17 24 31 38 45 1 0
-1 6 13 20 27 34 41 48 1 0
2 9 16 23 30 37 44 51 1 0
5 12 19 26 33 40 47 54 1 0
8 15 22 29 36 43 50 57 1 0
11 18 25 32 39 46 53 60 1 0
14 21 28 35 42 49 56 63 1 0
17 24 31 38 45 52 59 66 1 0
20 27 34 41 48 55 62 69 1 0
23 30 37 44 51 58 65 72 1 0
26 33 40 47 54 61 68 75 1 0
29 36 43 50 57 64 71 78 1 0
32 39 46 53 60 67 74 81 1 0
35 42 49 56 63 70 77 84 1 1
